# Frequency       Real(mHT)             Imag(mHT)
112265.41940000     0.229582954649298    -2.207871556394686
112265.41975100     0.230908519403240    -2.213266596823164
112265.42010200     0.232245247041819    -2.218687258965875
112265.42045300     0.233593256819505    -2.224133714404388
112265.42080400     0.234952669663010    -2.229606136800922
112265.42115500     0.236323608028636    -2.235104701241592
112265.42150600     0.237706195751417    -2.240629583560387
112265.42185700     0.239100558408308    -2.246180961719748
112265.42220800     0.240506823172332    -2.251759015144539
112265.42255900     0.241925118658337    -2.257363924036367
112265.42291000     0.243355575296001    -2.262995870774271
112265.42326100     0.244798325180770    -2.268655039239243
112265.42361200     0.246253501916086    -2.274341614118689
112265.42396300     0.247721240996578    -2.280055782327628
112265.42431400     0.249201679655684    -2.285797732323569
112265.42466500     0.250694956704273    -2.291567653400919
112265.42501600     0.252201212924380    -2.297365737133100
112265.42536700     0.253720590913416    -2.303192176677593
112265.42571800     0.255253234919088    -2.309047166060076
112265.42606900     0.256799291244054    -2.314930901637897
112265.42642000     0.258358908086633    -2.320843581395068
112265.42677100     0.259932235371911    -2.326785404215907
112265.42712200     0.261519425167729    -2.332756571370342
112265.42747300     0.263120631521774    -2.338757285798609
112265.42782400     0.264736010288790    -2.344787751374213
112265.42817500     0.266365719558279    -2.350848174411460
112265.42852600     0.268009919487910    -2.356938762939701
112265.42887700     0.269668772126706    -2.363059725955334
112265.42922800     0.271342441854893    -2.369211274952070
112265.42957900     0.273031095213515    -2.375393623184453
112265.42993000     0.274734900723508    -2.381606984908714
112265.43028100     0.276454029338130    -2.387851576936198
112265.43063200     0.278188654268679    -2.394127617885981
112265.43098300     0.279938950799349    -2.400435327414289
112265.43133400     0.281705096752686    -2.406774927791606
112265.43168500     0.283487272311332    -2.413146643144112
112265.43203600     0.285285659828531    -2.419550698671453
112265.43238700     0.287100444307094    -2.425987322248015
112265.43273800     0.288931813217079    -2.432456743652945
112265.43308900     0.290779956301792    -2.438959193776005
112265.43344000     0.292645066070820    -2.445494906243516
112265.43379100     0.294527337613474    -2.452064116636720
112265.43414200     0.296426968400244    -2.458667061685469
112265.43449300     0.298344158790336    -2.465303980919329
112265.43484400     0.300279111840842    -2.471975115874059
112265.43519500     0.302232033103473    -2.478680709272819
112265.43554600     0.304203131147190    -2.485421006703024
112265.43589700     0.306192617362964    -2.492196255810608
112265.43624800     0.308200705755661    -2.499006705468536
112265.43659900     0.310227613482356    -2.505852607479897
112265.43695000     0.312273560652545    -2.512734215759727
112265.43730100     0.314338770115083    -2.519651785490504
112265.43765200     0.316423468012740    -2.526605574852049
112265.43800300     0.318527883577788    -2.533595844190624
112265.43835400     0.320652248913828    -2.540622855161113
112265.43870500     0.322796799567244    -2.547686872484302
112265.43905600     0.324961774318025    -2.554788163102959
112265.43940700     0.327147414956351    -2.561926995310407
112265.43975800     0.329353966871587    -2.569103640535749
112265.44010900     0.331581678838241    -2.576318372486635
112265.44046000     0.333830802787164    -2.583571466263904
112265.44081100     0.336101594412775    -2.590863200175372
112265.44116200     0.338394312954000    -2.598193854864956
112265.44151300     0.340709220959987    -2.605563712413075
112265.44186400     0.343046584916243    -2.612973058179593
112265.44221500     0.345406675020470    -2.620422179918988
112265.44256600     0.347789764942603    -2.627911366866178
112265.44291700     0.350196132470652    -2.635440911609229
112265.44326800     0.352626059281269    -2.643011109190266
112265.44361900     0.355079830694011    -2.650622256176352
112265.44397000     0.357557736337619    -2.658274652562604
112265.44432100     0.360060069915237    -2.665968600858501
112265.44467200     0.362587128952708    -2.673704405143463
112265.44502300     0.365139215486152    -2.681482373001026
112265.44537400     0.367716635821669    -2.689302814590178
112265.44572500     0.370319700277551    -2.697166041685287
112265.44607600     0.372948723894001    -2.705072369641988
112265.44642700     0.375604026187208    -2.713022116453169
112265.44677800     0.378285930885297    -2.721015601772900
112265.44712900     0.380994766661104    -2.729053148914660
112265.44748000     0.383730866880501    -2.737135083891644
112265.44783100     0.386494569331919    -2.745261734424236
112265.44818200     0.389286216983133    -2.753433431971328
112265.44853300     0.392106157723685    -2.761650510754503
112265.44888400     0.394954744087870    -2.769913306748692
112265.44923500     0.397832334036466    -2.778222159747220
112265.44958600     0.400739290693181    -2.786577412369528
112265.44993700     0.403675982060882    -2.794979409034531
112265.45028800     0.406642781829377    -2.803428498060146
112265.45063900     0.409640069105707    -2.811925030654099
112265.45099000     0.412668228123490    -2.820469359869556
112265.45134100     0.415727649077838    -2.829061842739873
112265.45169200     0.418818727849348    -2.837702839252001
112265.45204300     0.421941865706434    -2.846392711284007
112265.45239400     0.425097470168491    -2.855131824775684
112265.45274500     0.428285954723507    -2.863920548684208
112265.45309600     0.431507738523170    -2.872759253902964
112265.45344700     0.434763247275529    -2.881648315468865
112265.45379800     0.438052912956062    -2.890588111499685
112265.45414900     0.441377173495436    -2.899579022093790
112265.45450000     0.444736473702911    -2.908621431574842
112265.45485100     0.448131264970745    -2.917715727410369
112265.45520200     0.451562004954465    -2.926862299091855
112265.45555300     0.455029158528319    -2.936061540417605
112265.45590400     0.458533197482929    -2.945313848392046
112265.45625500     0.462074600197883    -2.954619622085608
112265.45660600     0.465653852630671    -2.963979264956545
112265.45695700     0.469271448007451    -2.973393183730421
112265.45730800     0.472927886487826    -2.982861787239233
112265.45765900     0.476623676188706    -2.992385488782956
112265.45801000     0.480359332868121    -3.001964704988650
112265.45836100     0.484135379581979    -3.011599854628224
112265.45871200     0.487952347744487    -3.021291361020534
112265.45906300     0.491810776804813    -3.031039650869458
112265.45941400     0.495711213895768    -3.040845153059760
112265.45976500     0.499654214932333    -3.050708301100438
112265.46011600     0.503640344281149    -3.060629531941252
112265.46046700     0.507670174400932    -3.070609284745940
112265.46081800     0.511744286980881    -3.080648003377688
112265.46116900     0.515863272602855    -3.090746135193412
112265.46152000     0.520027730373415    -3.100904129793668
112265.46187100     0.524238269103897    -3.111122441551028
112265.46222200     0.528495506965260    -3.121401528381430
112265.46257300     0.532800071111558    -3.131741850470071
112265.46292400     0.537152598903659    -3.142143872843468
112265.46327500     0.541553737556614    -3.152608064117170
112265.46362600     0.546004143754537    -3.163134895196857
112265.46397700     0.550504484919899    -3.173724841894904
112265.46432800     0.555055438853436    -3.184378383653633
112265.46467900     0.559657693340268    -3.195096002220888
112265.46503000     0.564311947466956    -3.205878184311817
112265.46538100     0.569018911253862    -3.216725420306917
112265.46573200     0.573779305252433    -3.227638202901172
112265.46608300     0.578593861912254    -3.238617029811868
112265.46643400     0.583463325205851    -3.249662402450530
112265.46678500     0.588388450217055    -3.260774824544774
112265.46713600     0.593370004560410    -3.271954804892858
112265.46748700     0.598408767998434    -3.283202856008638
112265.46783800     0.603505532020958    -3.294519492715125
112265.46818900     0.608661101319460    -3.305905234946559
112265.46854000     0.613876293396707    -3.317360606365343
112265.46889100     0.619151938137116    -3.328886132926368
112265.46924200     0.624488879338569    -3.340482345727224
112265.46959300     0.629887974314558    -3.352149779596163
112265.46994400     0.635350093455449    -3.363888971625994
112265.47029500     0.640876121820650    -3.375700464073202
112265.47064600     0.646466958733264    -3.387584802915748
112265.47099700     0.652123517332301    -3.399542536355432
112265.47134800     0.657846726228093    -3.411574217766498
112265.47169900     0.663637529089602    -3.423680404222103
112265.47205000     0.669496884187512    -3.435861654963878
112265.47240100     0.675425766116120    -3.448118534400614
112265.47275200     0.681425165373325    -3.460451610602102
112265.47310300     0.687496087894703    -3.472861453734546
112265.47345400     0.693639556845126    -3.485348639109881
112265.47380500     0.699856612191614    -3.497913745645532
112265.47415600     0.706148310228459    -3.510557354264320
112265.47450700     0.712515725442033    -3.523280050994752
112265.47485800     0.718959950076737    -3.536082425395325
112265.47520900     0.725482093651222    -3.548965068917243
112265.47556000     0.732083284900135    -3.561928578056156
112265.47591100     0.738764671333320    -3.574973552739271
112265.47626200     0.745527418743313    -3.588100594649306
112265.47661300     0.752372713227929    -3.601310310427850
112265.47696400     0.759301760742981    -3.614603310023608
112265.47731500     0.766315786601179    -3.627980204975676
112265.47766600     0.773416037579738    -3.641441611668744
112265.47801700     0.780603781466894    -3.654988149640523
112265.47836800     0.787880306552423    -3.668620439822390
112265.47871900     0.795246924131922    -3.682339108416969
112265.47907000     0.802704966511015    -3.696144782309911
112265.47942100     0.810255789560677    -3.710038092971268
112265.47977200     0.817900772254212    -3.724019674690211
112265.48012300     0.825641316144350    -3.738090162739680
112265.48047400     0.833478847719660    -3.752250196769458
112265.48082500     0.841414817936378    -3.766500418994090
112265.48117600     0.849450701687831    -3.780841472308657
112265.48152700     0.857588000263237    -3.795274003732999
112265.48187800     0.865828240874812    -3.809798662550112
112265.48222900     0.874172976119910    -3.824416098370407
112265.48258000     0.882623786547554    -3.839126964626307
112265.48293100     0.891182280181412    -3.853931916658354
112265.48328200     0.899850091974988    -3.868831609724840
112265.48363300     0.908628886491640    -3.883826702545938
112265.48398400     0.917520357423927    -3.898917855334302
112265.48433500     0.926526227042365    -3.914105727746753
112265.48468600     0.935648248994895    -3.929390982476804
112265.48503700     0.944888207823284    -3.944774283226149
112265.48538800     0.954247918405871    -3.960256292594897
112265.48573900     0.963729228882891    -3.975837675720835
112265.48609000     0.973334020170583    -3.991519098188051
112265.48644100     0.983064205398448    -4.007301223851607
112265.48679200     0.992921732967156    -4.023184718521716
112265.48714300     1.002908586061060    -4.039170247805186
112265.48749400     1.013026782080562    -4.055258474860095
112265.48784500     1.023278375839624    -4.071450064122621
112265.48819600     1.033665459077525    -4.087745679076471
112265.48854700     1.044190159886827    -4.104145979932802
112265.48889800     1.054854646058063    -4.120651627396716
112265.48924900     1.065661124591417    -4.137263280359594
112265.48960000     1.076611841120983    -4.153981593498755
112265.48995100     1.087709083414409    -4.170807221080289
112265.49030200     1.098955180885367    -4.187740814568460
112265.49065300     1.110352504014707    -4.204783020139084
112265.49100400     1.121903468013260    -4.221934482514743
112265.49135500     1.133610532335992    -4.239195842484754
112265.49170600     1.145476200100555    -4.256567734325655
112265.49205700     1.157503021921993    -4.274050789664037
112265.49240800     1.169693595429321    -4.291645634899914
112265.49275900     1.182050564682062    -4.309352888526947
112265.49311000     1.194576624185900    -4.327173165017288
112265.49346100     1.207274518412468    -4.345107072140458
112265.49381200     1.220147041214329    -4.363155208175013
112265.49416300     1.233197040031045    -4.381318165808956
112265.49451400     1.246427415412874    -4.399596529345265
112265.49486500     1.259841120434572    -4.417990871795786
112265.49521600     1.273441165101731    -4.436501758789778
112265.49556700     1.287230615878937    -4.455129745656100
112265.49591800     1.301212595102615    -4.473875374389186
112265.49626900     1.315390285597904    -4.492739177557036
112265.49662000     1.329766930211608    -4.511721675248957
112265.49697100     1.344345831224142    -4.530823371902342
112265.49732200     1.359130355187434    -4.550044760199935
112265.49767300     1.374123932462922    -4.569386317870993
112265.49802400     1.389330056632213    -4.588848504365980
112265.49837500     1.404752289566938    -4.608431764731714
112265.49872600     1.420394260971548    -4.628136526252117
112265.49907700     1.436259667792073    -4.647963194956667
112265.49942800     1.452352279528983    -4.667912159460229
112265.49977900     1.468675937784167    -4.687983787427970
112265.50013000     1.485234555666610    -4.708178421901807
112265.50048100     1.502032123359480    -4.728496385089715
112265.50083200     1.519072707670130    -4.748937974637718
112265.50118300     1.536360451430823    -4.769503459756568
112265.50153400     1.553899579331355    -4.790193084943313
112265.50188500     1.571694397470132    -4.811007066041157
112265.50223600     1.589749292747273    -4.831945586146616
112265.50258700     1.608068738973961    -4.853008799243683
112265.50293800     1.626657296421688    -4.874196826030097
112265.50328900     1.645519611204103    -4.895509749582931
112265.50364000     1.664660421673926    -4.916947618882993
112265.50399100     1.684084557966334    -4.938510444383526
112265.50434200     1.703796941364527    -4.960198193409619
112265.50469300     1.723802590994581    -4.982010793547436
112265.50504400     1.744106623357452    -5.003948127928662
112265.50539500     1.764714251671643    -5.026010030336203
112265.50574600     1.785630792875554    -5.048196288429503
112265.50609700     1.806861667140695    -5.070506638714940
112265.50644800     1.828412397182865    -5.092940761327141
112265.50679900     1.850288615580366    -5.115498283057883
112265.50715000     1.872496064258798    -5.138178771979238
112265.50750100     1.895040593759599    -5.160981731866319
112265.50785200     1.917928170880918    -5.183906604993148
112265.50820300     1.941164878121533    -5.206952766371555
112265.50855400     1.964756912892595    -5.230119517777338
112265.50890500     1.988710595485753    -5.253406090271946
112265.50925600     2.013032368460346    -5.276811638015929
112265.50960700     2.037728795780331    -5.300335231856351
112265.50995800     2.062806571111631    -5.323975861528038
112265.51030900     2.088272517132272    -5.347732428995939
112265.51066000     2.114133584572182    -5.371603741557064
112265.51101100     2.140396860837865    -5.395588513669515
112265.51136200     2.167069569220227    -5.419685359773280
112265.51171300     2.194159067809179    -5.443892786854963
112265.51206400     2.221672858439268    -5.468209195846900
112265.51241500     2.249618585763582    -5.492632873870685
112265.51276600     2.278004036008419    -5.517161986207595
112265.51311700     2.306837146227716    -5.541794577203829
112265.51346800     2.336126003203797    -5.566528561875277
112265.51381900     2.365878841999244    -5.591361717221325
112265.51417000     2.396104055500728    -5.616291682564906
112265.51452100     2.426810193098222    -5.641315950451755
112265.51487200     2.458005958981416    -5.666431857238848
112265.51522300     2.489700221944591    -5.691636582791486
112265.51557400     2.521902013784940    -5.716927140603555
112265.51592500     2.554620527278963    -5.742300367586627
112265.51627600     2.587865126209230    -5.767752923038212
112265.51662700     2.621645343409083    -5.793281277904077
112265.51697800     2.655970878340415    -5.818881703687810
112265.51732900     2.690851607289775    -5.844550270597042
112265.51768000     2.726297580970832    -5.870282835862978
112265.51803100     2.762319021608169    -5.896075031684681
112265.51838200     2.798926333234004    -5.921922262452856
112265.51873300     2.836130098740949    -5.947819692036211
112265.51908400     2.873941076356285    -5.973762230669936
112265.51943500     2.912370209951133    -5.999744531149597
112265.51978600     2.951428625413742    -6.025760974989803
112265.52013700     2.991127626374869    -6.051805658162256
112265.52048800     3.031478704418115    -6.077872386146694
112265.52083900     3.072493534617143    -6.103954658864021
112265.52119000     3.114183970345183    -6.130045655167441
112265.52154100     3.156562053247203    -6.156138226632828
112265.52189200     3.199640007753783    -6.182224881167937
112265.52224300     3.243430234774465    -6.208297766160285
112265.52259400     3.287945321260122    -6.234348660887437
112265.52294500     3.333198033469493    -6.260368958706397
112265.52329600     3.379201309308165    -6.286349648765338
112265.52364700     3.425968267270976    -6.312281306916542
112265.52399800     3.473512198195012    -6.338154076395919
112265.52434900     3.521846555961866    -6.363957648015149
112265.52470000     3.570984965565204    -6.389681249465681
112265.52505100     3.620941213035649    -6.415313624411772
112265.52540200     3.671729234172898    -6.440843011093855
112265.52575300     3.723363121432332    -6.466257129925957
112265.52610400     3.775857111651903    -6.491543160945322
112265.52645500     3.829225572422942    -6.516687720782077
112265.52680600     3.883483007431443    -6.541676848474273
112265.52715700     3.938644041554151    -6.566495981247876
112265.52750800     3.994723404412670    -6.591129929842624
112265.52785900     4.051735933739024    -6.615562862502784
112265.52821000     4.109696557339171    -6.639778279105042
112265.52856100     4.168620273303113    -6.663758984879902
112265.52891200     4.228522150892053    -6.687487072584722
112265.52926300     4.289417308791867    -6.710943895058120
112265.52961400     4.351320891374298    -6.734110037443570
112265.52996500     4.414248066525196    -6.756965297619256
112265.53031600     4.478213999529006    -6.779488657338993
112265.53066700     4.543233824695256    -6.801658253155490
112265.53101800     4.609322639464343    -6.823451355272691
112265.53136900     4.676495473181693    -6.844844337541535
112265.53172000     4.744767253319873    -6.865812647397981
112265.53207100     4.814152795116084    -6.886330783424570
112265.53242200     4.884666764412240    -6.906372264608491
112265.53277300     4.956323637623242    -6.925909599762306
112265.53312400     5.029137686081715    -6.944914264235995
112265.53347500     5.103122932045158    -6.963356669022911
112265.53382600     5.178293101490666    -6.981206130322729
112265.53417700     5.254661602275248    -6.998430846042281
112265.53452800     5.332241472351692    -7.014997865556597
112265.53487900     5.411045324418420    -7.030873060311455
112265.53523000     5.491085316958276    -7.046021100995876
112265.53558100     5.572373093671930    -7.060405429036563
112265.53593200     5.654919718991524    -7.073988229428508
112265.53628300     5.738735641050590    -7.086730409757741
112265.53663400     5.823830621353355    -7.098591574835060
112265.53698500     5.910213660188631    -7.109530003288712
112265.53733600     5.997892950627088    -7.119502629969356
112265.53768700     6.086875797515229    -7.128465025512781
112265.53803800     6.177168531924441    -7.136371378632432
112265.53838900     6.268776455390404    -7.143174483847484
112265.53874000     6.361703747478296    -7.148825728204118
112265.53909100     6.455953368595388    -7.153275081663416
112265.53944200     6.551526993910457    -7.156471092552400
112265.53979300     6.648424909010407    -7.158360884161810
112265.54014400     6.746645900725645    -7.158890156124472
112265.54049500     6.846187180526627    -7.158003190486809
112265.54084600     6.947044268215947    -7.155642861417753
112265.54119700     7.049210870899408    -7.151750650995909
112265.54154800     7.152678796188424    -7.146266669306073
112265.54189900     7.257437824482447    -7.139129681012838
112265.54225000     7.363475576902942    -7.130277139482898
112265.54260100     7.470777419370456    -7.119645224790228
112265.54295200     7.579326324867786    -7.107168891378937
112265.54330300     7.689102732072953    -7.092781924888318
112265.54365400     7.800084442362578    -7.076417002340621
112265.54400500     7.912246474536840    -7.058005765474619
112265.54435600     8.025560917068818    -7.037478904939919
112265.54470700     8.139996821334348    -7.014766247160286
112265.54505800     8.255520052641055    -6.989796858071096
112265.54540900     8.372093140467824    -6.962499159407789
112265.54576000     8.489675172734851    -6.932801046679333
112265.54611100     8.608221648607376    -6.900630027875216
112265.54646200     8.727684332807414    -6.865913376267278
112265.54681300     8.848011157489399    -6.828578283465032
112265.54716400     8.969146084134461    -6.788552037035275
112265.54751500     9.091028969919945    -6.745762213428468
112265.54786600     9.213595485671785    -6.700136869075966
112265.54821700     9.336776996131457    -6.651604759642677
112265.54856800     9.460500448343954    -6.600095575231862
112265.54891900     9.584688316075935    -6.545540170782536
112265.54927000     9.709258509656031    -6.487870827714020
112265.54962100     9.834124298194457    -6.427021531325869
112265.54997200     9.959194292567579    -6.362928239243998
112265.55032300    10.084372397655468    -6.295529183412539
112265.55067400    10.209557781662319    -6.224765186505849
112265.55102500    10.334644910972713    -6.150579963796165
112265.55137600    10.459523558610092    -6.072920459773029
112265.55172700    10.584078834638442    -5.991737196426402
112265.55207800    10.708191286520025    -5.906984599713605
112265.55242900    10.831736977608843    -5.818621360629507
112265.55278000    10.954587592174079    -5.726610803543418
112265.55313100    11.076610613927633    -5.630921223624305
112265.55348200    11.197669486934007    -5.531526257199936
112265.55383300    11.317623806801398    -5.428405253254693
112265.55418400    11.436329587411139    -5.321543603114436
112265.55453500    11.553639513404928    -5.210933099874005
112265.55488600    11.669403225211211    -5.096572291210031
112265.55523700    11.783467679417299    -4.978466777922526
112265.55558800    11.895677496764666    -4.856629537735031
112265.55593900    12.005875342762870    -4.731081233464942
112265.55629000    12.113902380535048    -4.601850453443563
112265.55664100    12.219598711037095    -4.468973971919165
112265.55699200    12.322803843198495    -4.332496984216772
112265.55734300    12.423357229694759    -4.192473260484408
112265.55769400    12.521098787292832    -4.048965314145526
112265.55804500    12.615869441253986    -3.902044535835075
112265.55839600    12.707511725004357    -3.751791233190922
112265.55874700    12.795870358880077    -3.598294681085942
112265.55909800    12.880792843867146    -3.441653129563986
112265.55944900    12.962130096607391    -3.281973707109683
112265.55980000    13.039737055558266    -3.119372332232698
112265.56015100    13.113473290311262    -2.953973577677155
112265.56050200    13.183203635167176    -2.785910422932228
112265.56085300    13.248798784275717    -2.615324016119547
112265.56120400    13.310135876250341    -2.442363387194503
112265.56155500    13.367099084164083    -2.267185046963095
112265.56190600    13.419580157059720    -2.089952600477470
112265.56225700    13.467478936772144    -1.910836314907162
112265.56260800    13.510703860946041    -1.730012575889515
112265.56295900    13.549172408587221    -1.547663367459791
112265.56331000    13.582811507925470    -1.363975714226163
112265.56366100    13.611557912744919    -1.179141019825692
112265.56401200    13.635358514959092    -0.993354441971686
112265.56436300    13.654170609315853    -0.806814241597028
112265.56471400    13.667962112000488    -0.619721040504887
112265.56506500    13.676711713308785    -0.432277131393832
112265.56541600    13.680408976466060    -0.244685776734820
112265.56576700    13.679054380264160    -0.057150431468637
112265.56611800    13.672659298651446     0.130125964946807
112265.56646900    13.661245925513908     0.316941691634889
112265.56682000    13.644847138401778     0.503097008942369
112265.56717100    13.623506307409780     0.688394835432804
112265.56752200    13.597277053442264     0.872641404643235
112265.56787300    13.566222945735383     1.055646965316989
112265.56822400    13.530417157563257     1.237226382204015
112265.56857500    13.489942080052097     1.417199703617360
112265.56892600    13.444888880012719     1.595392758655272
112265.56927700    13.395357032657811     1.771637645221724
112265.56962800    13.341453824462789     1.945773175514562
112265.56997900    13.283293807963240     2.117645340844765
112265.57033000    13.220998250213505     2.287107662422112
112265.57068100    13.154694565143606     2.454021494774092
112265.57103200    13.084515707365732     2.618256342228817
112265.57138300    13.010599578724456     2.779690061705153
112265.57173400    12.933088432571427     2.938209017825578
112265.57208500    12.852128249027036     3.093708248832021
112265.57243600    12.767868140750647     3.246091523911189
112265.57278700    12.680459768872078     3.395271356527393
112265.57313800    12.590056738170620     3.541169029700921
112265.57348900    12.496814037933575     3.683714521645382
112265.57384000    12.400887502964427     3.822846394140429
112265.57419100    12.302433259932425     3.958511696437758
112265.57454200    12.201607231191163     4.090665781122840
112265.57489300    12.098564665706450     4.219272091319510
112265.57524400    11.993459658838777     4.344301968370578
112265.57559500    11.886444737713882     4.465734384443437
112265.57594600    11.777670477527399     4.583555655812978
112265.57629700    11.667285107649448     4.697759181872592
112265.57664800    11.555434187917085     4.808345122266695
112265.57699900    11.442260316820846     4.915320063759125
112265.57735000    11.327902828214770     5.018696717552444
112265.57770100    11.212497559755848     5.118493567231850
112265.57805200    11.096176651856748     5.214734514496111
112265.57840300    10.979068332209494     5.307448558945657
112265.57875400    10.861296771156891     5.396669439685514
112265.57910500    10.742981964502851     5.482435281306866
112265.57945600    10.624239597878285     5.564788276106701
112265.57980700    10.505180979342580     5.643774337664223
112265.58015800    10.385912995303540     5.719442763740144
112265.58050900    10.266538043506994     5.791845936100828
112265.58086000    10.147154030562140     5.861038999497630
112265.58121100    10.027854388200094     5.927079553291070
112265.58156200     9.908728062138238     5.990027379302037
112265.58191300     9.789859561239615     6.049944154956752
112265.58226400     9.671329020813623     6.106893180945608
112265.58261500     9.553212234452181     6.160939143251539
112265.58296600     9.435580741795567     6.212147865145742
112265.58331700     9.318501926168764     6.260586074365121
112265.58366800     9.202039077316860     6.306321201920840
112265.58401900     9.086251505868363     6.349421174331606
112265.58437000     8.971194663921858     6.389954220787511
112265.58472100     8.856920228053184     6.427988708610067
112265.58507200     8.743476230187614     6.463592974640534
112265.58542300     8.630907191469001     6.496835170657815
112265.58577400     8.519254216660547     6.527783133425704
112265.58612500     8.408555132969937     6.556504252457413
112265.58647600     8.298844629385835     6.583065350499957
112265.58682700     8.190154355408803     6.607532584867210
112265.58717800     8.082513061208861     6.629971347773901
112265.58752900     7.975946736412632     6.650446177863417
112265.58788000     7.870478707821142     6.669020688863269
112265.58823100     7.766129775976353     6.685757498183921
112265.58858200     7.662918349009455     6.700718165118338
112265.58893300     7.560860535530361     6.713963142631443
112265.58928400     7.459970274157584     6.725551729817925
112265.58963500     7.360259459435524     6.735542032407730
112265.58998600     7.261738027366341     6.743990933585505
112265.59033700     7.164414075687787     6.750954066077549
112265.59068800     7.068293980008518     6.756485790839064
112265.59103900     6.973382470491931     6.760639183089898
112265.59139000     6.879682741643967     6.763466020146770
112265.59174100     6.787196557712722     6.765016774556958
112265.59209200     6.695924319834329     6.765340611941150
112265.59244300     6.605865164840850     6.764485391129658
112265.59279400     6.517017059643800     6.762497668466056
112265.59314500     6.429376858745645     6.759422704505965
112265.59349600     6.342940392122153     6.755304473493798
112265.59384700     6.257702548794651     6.750185676039171
112265.59419800     6.173657325026707     6.744107752185841
112265.59454900     6.090797901713664     6.737110897737857
112265.59490000     6.009116717676493     6.729234082977456
112265.59525100     5.928605505823948     6.720515069681269
112265.59560200     5.849255377294774     6.710990434141008
112265.59595300     5.771056852074190     6.700695586235406
112265.59630400     5.693999920472633     6.689664792821296
112265.59665500     5.618074100988197     6.677931202483128
112265.59700600     5.543268466973138     6.665526866665007
112265.59735700     5.469571699699403     6.652482765311546
112265.59770800     5.396972138125494     6.638828833408390
112265.59805900     5.325457799009869     6.624593982820224
112265.59841000     5.255016422457182     6.609806129083360
112265.59876100     5.185635514483058     6.594492218738116
112265.59911200     5.117302361422730     6.578678251058252
112265.59946300     5.050004068834008     6.562389305159960
112265.59981400     4.983727597726130     6.545649567372458
112265.60016500     4.918459774070436     6.528482352265814
112265.60051600     4.854187321892100     6.510910129456505
112265.60086700     4.790896893975813     6.492954550464508
112265.60121800     4.728575077226814     6.474636468624020
112265.60156900     4.667208420720621     6.455975965140887
112265.60192000     4.606783461632570     6.436992375045711
112265.60227100     4.547286727127598     6.417704305713907
112265.60262200     4.488704758066500     6.398129661868661
112265.60297300     4.431024130833821     6.378285670367657
112265.60332400     4.374231456360763     6.358188897168745
112265.60367500     4.318313400113126     6.337855271080813
112265.60402600     4.263256700417940     6.317300107220962
112265.60437700     4.209048165150640     6.296538122345979
112265.60472800     4.155674688557121     6.275583457237079
112265.60507900     4.103123266607616     6.254449698740006
112265.60543000     4.051380991809435     6.233149893445296
112265.60578100     4.000435067346219     6.211696568655956
112265.60613200     3.950272819920298     6.190101752979429
112265.60648300     3.900881693086713     6.168376988385391
112265.60683400     3.852249259129511     6.146533349751677
112265.60718500     3.804363229790980     6.124581464018656
112265.60753600     3.757211448464268     6.102531520685323
112265.60788700     3.710781900167916     6.080393289962099
112265.60823800     3.665062720504560     6.058176140527665
112265.60858900     3.620042186996597     6.035889048545418
112265.60894000     3.575708727468158     6.013540614474852
112265.60929100     3.532050927526051     5.991139079491078
112265.60964200     3.489057521276222     5.968692333116737
112265.60999300     3.446717398376860     5.946207928759302
112265.61034400     3.405019610289907     5.923693098865735
112265.61069500     3.363953360575916     5.901154761272682
112265.61104600     3.323508010841332     5.878599533545553
112265.61139700     3.283673085971290     5.856033746948856
112265.61174800     3.244438264164835     5.833463451619314
112265.61209900     3.205793381965128     5.810894429787968
112265.61245000     3.167728438650476     5.788332208649335
112265.61280100     3.130233586142418     5.765782064461813
112265.61315200     3.093299133277402     5.743249034735110
112265.61350300     3.056915549504472     5.720737930082005
112265.61385400     3.021073454773392     5.698253337347041
112265.61420500     2.985763623180265     5.675799630840777
112265.61455600     2.950976986096518     5.653380983255895
112265.61490700     2.916704622122080     5.631001367920872
112265.61525800     2.882937760216214     5.608664569159572
112265.61560900     2.849667782361021     5.586374192350456
112265.61596000     2.816886213647132     5.564133665396181
112265.61631100     2.784584724982055     5.541946248283305
112265.61666200     2.752755135374232     5.519815042359269
112265.61701300     2.721389402203457     5.497742991102501
112265.61736400     2.690479623583309     5.475732888952726
112265.61771500     2.660018040337047     5.453787389875738
112265.61806600     2.629997026492350     5.431909007511936
112265.61841700     2.600409091361457     5.410100123343256
112265.61876800     2.571246881267361     5.388362994610320
112265.61911900     2.542503170292561     5.366699753911377
112265.61947000     2.514170862128894     5.345112416766568
112265.61982100     2.486242991602715     5.323602888947301
112265.62017200     2.458712715698253     5.302172965591020
112265.62052300     2.431573315220359     5.280824338218670
112265.62087400     2.404818196158189     5.259558601531253
112265.62122500     2.378440880997136     5.238377252099871
112265.62157600     2.352435010229920     5.217281694887382
112265.62192700     2.326794343590981     5.196273249562377
112265.62227800     2.301512751665437     5.175353148818089
112265.62262900     2.276584217277370     5.154522544444893
112265.62298000     2.252002836621156     5.133782513207252
112265.62333100     2.227762811171452     5.113134054839922
112265.62368200     2.203858448972094     5.092578097713483
112265.62403300     2.180284165685797     5.072115504315719
112265.62438400     2.157034476805292     5.051747068968405
112265.62473500     2.134103998862046     5.031473523124281
112265.62508600     2.111487450411327     5.011295540490166
112265.62543700     2.089179644542316     4.991213734503289
112265.62578800     2.067175490021641     4.971228663294240
112265.62613900     2.045469992227998     4.951340834485622
112265.62649000     2.024058245956080     4.931550702462648
112265.62684100     2.002935436507707     4.911858673033223
112265.62719200     1.982096840586686     4.892265107932610
112265.62754300     1.961537819390353     4.872770321919176
112265.62789400     1.941253819658184     4.853374587159807
112265.62824500     1.921240374535443     4.834078137467839
112265.62859600     1.901493096944899     4.814881165251636
112265.62894700     1.882007680600594     4.795783825650408
112265.62929800     1.862779900847208     4.776786240530239
112265.62964900     1.843805608303385     4.757888495309748
112265.63000000     1.825080729846842     4.739090642869206
112265.63035100     1.806601269434856     4.720392707326616
112265.63070200     1.788363302009783     4.701794680762187
112265.63105300     1.770362974460648     4.683296526921121
112265.63140400     1.752596506428564     4.664898184789648
112265.63175500     1.735060184465153     4.646599565237476
112265.63210600     1.717750362974108     4.628400554532474
112265.63245700     1.700663465004727     4.610301017734622
112265.63280800     1.683795976653448     4.592300795273193
112265.63315900     1.667144447988321     4.574399706289954
112265.63351000     1.650705493832797     4.556597551866877
112265.63386100     1.634475788400651     4.538894111553071
112265.63421200     1.618452066205345     4.521289146551212
112265.63456300     1.602631122835950     4.503782402793367
112265.63491400     1.587009809815394     4.486373607430844
112265.63526500     1.571585035496577     4.469062471877067
112265.63561600     1.556353765831274     4.451848694744398
112265.63596700     1.541313019442187     4.434731958308491
112265.63631800     1.526459868506997     4.417711931419414
112265.63666900     1.511791439520818     4.400788272311186
112265.63702000     1.497304908572766     4.383960625050550
112265.63737100     1.482997502218496     4.367228622327252
112265.63772200     1.468866498236879     4.350591888146478
112265.63807300     1.454909221101667     4.334050034271099
112265.63842400     1.441123042843216     4.317602662900497
112265.63877500     1.427505383799343     4.301249369255446
112265.63912600     1.414053708273326     4.284989738021395
112265.63947700     1.400765525384995     4.268823345924607
112265.63982800     1.387638389815849     4.252749764217818
112265.64017900     1.374669897644754     4.236768555131269
112265.64053000     1.361857687188522     4.220879274354004
112265.64088100     1.349199439741174     4.205081473427771
112265.64123200     1.336692875578976     4.189374696211752
112265.64158300     1.324335754790649     4.173758481275941
112265.64193400     1.312125878010415     4.158232364210145
112265.64228500     1.300061082584526     4.142795874107438
112265.64263600     1.288139243390987     4.127448535875962
112265.64298700     1.276358273566104     4.112189872469158
112265.64333800     1.264716120824912     4.097019401392313
112265.64368900     1.253210768270226     4.081936636938416
112265.64404000     1.241840235112447     4.066941092345283
112265.64439100     1.230602573136541     4.052032276328828
112265.64474200     1.219495867500325     4.037209695248234
112265.64509300     1.208518237447110     4.022472855194837
112265.64544400     1.197667832912350     4.007821258555444
112265.64579500     1.186942835310969     3.993254406111420
112265.64614600     1.176341458242492     3.978771799063908
112265.64649700     1.165861944230715     3.964372935629844
112265.64684800     1.155502565499927     3.950057313079173
112265.64719900     1.145261624672132     3.935824429700626
112265.64755000     1.135137451633549     3.921673781432542
112265.64790100     1.125128404299431     3.907604863842284
112265.64825200     1.115232869303151     3.893617174035982
112265.64860300     1.105449258983386     3.879710207326384
112265.64895400     1.095776012137572     3.865883459157674
112265.64930500     1.086211594702332     3.852136426962810
112265.64965600     1.076754496855869     3.838468606869788
112265.65000700     1.067403233759723     3.824879495575149
112265.65035800     1.058156346230319     3.811368592151891
112265.65070900     1.049012397951168     3.797935394795544
112265.65106000     1.039969976202778     3.784579402649122
112265.65141100     1.031027692525120     3.771300117564523
112265.65176200     1.022184180034397     3.758097040889319
112265.65211300     1.013438094141119     3.744969675245957
112265.65246400     1.004788113203101     3.731917526249028
112265.65281500     0.996232935942111     3.718940099333674
112265.65316600     0.987771282149886     3.706036901491388
112265.65351700     0.979401893331506     3.693207442945532
112265.65386800     0.971123530217309     3.680451234021945
112265.65421900     0.962934973456754     3.667767786843544
112265.65457000     0.954835024252018     3.655156616966227
112265.65492100     0.946822501960795     3.642617240292079
112265.65527200     0.938896244777971     3.630149174724844
112265.65562300     0.931055110359280     3.617751941768146
112265.65597400     0.923297973510821     3.605425063481602
112265.65632500     0.915623726858590     3.593168064098946
112265.65667600     0.908031281461974     3.580980471590421
112265.65702700     0.900519564586154     3.568861814661947
112265.65737800     0.893087520359431     3.556811624337584
112265.65772900     0.885734110376460     3.544829435487761
112265.65808000     0.878458311549875     3.532914783871478
112265.65843100     0.871259116755301     3.521067207684772
112265.65878200     0.864135535424425     3.509286249056233
112265.65913300     0.857086591472172     3.497571451132215
112265.65948400     0.850111323929543     3.485922359592699
112265.65983500     0.843208787526366     3.474338524115575
112265.66018600     0.836378050690753     3.462819495504647
112265.66053700     0.829618196169826     3.451364827174257
112265.66088800     0.822928321602078     3.439974076583636
112265.66123900     0.816307537585962     3.428646802407468
112265.66159000     0.809754968288559     3.417382565990526
112265.66194100     0.803269752007558     3.406180932753292
112265.66229200     0.796851039305978     3.395041469404759
112265.66264300     0.790497993608846     3.383963745368283
112265.66299400     0.784209791754803     3.372947334159543
112265.66334500     0.777985622194142     3.361991810641256
112265.66369600     0.771824685573553     3.351096752421323
112265.66404700     0.765726195277410     3.340261741204136
112265.66439800     0.759689375686400     3.329486360086862
112265.66474900     0.753713462750482     3.318770194930805
112265.66510000     0.747797704519872     3.308112835687127
112265.66545100     0.741941359461690     3.297513873734181
112265.66580200     0.736143697021305     3.286972903223049
112265.66615300     0.730403998142998     3.276489522378604
112265.66650400     0.724721553642287     3.266063330877367
112265.66685500     0.719095664755678     3.255693931168175
112265.66720600     0.713525643651199     3.245380929749356
112265.66755700     0.708010811853993     3.235123934586632
112265.66790800     0.702550500784676     3.224922556409744
112265.66825900     0.697144052259824     3.214776409966530
112265.66861000     0.691790816968602     3.204685111480357
112265.66896100     0.686490154999922     3.194648279923432
112265.66931200     0.681241436332905     3.184665538248609
112265.66966300     0.676044039362564     3.174736510885700
112265.67001400     0.670897351415830     3.164860824992312
112265.67036500     0.665800769232169     3.155038111663952
112265.67071600     0.660753697536259     3.145268003468786
112265.67106700     0.655755549543139     3.135550135676576
112265.67141800     0.650805747428966     3.125884147447842
112265.67176900     0.645903720948952     3.116269679406411
112265.67212000     0.641048907931644     3.106706374847140
112265.67247100     0.636240754740120     3.097193880904759
112265.67282200     0.631478714933229     3.087731846163627
112265.67317300     0.626762249749281     3.078319921844841
112265.67352400     0.622090828557756     3.068957762955355
112265.67387500     0.617463927562155     3.059645025934331
112265.67422600     0.612881030273306     3.050381369820256
112265.67457700     0.608341627951656     3.041166457380863
112265.67492800     0.603845218350174     3.031999952795510
112265.67527900     0.599391306177405     3.022881522802827
112265.67563000     0.594979403530516     3.013810837811972
112265.67598100     0.590609028676684     3.004787569620460
112265.67633200     0.586279706506060     2.995811392542835
112265.67668300     0.581990968955771     2.986881984503825
112265.67703400     0.577742353828263     2.977999024790926
112265.67738500     0.573533405234409     2.969162195164660
112265.67773600     0.569363674008537     2.960371180934126
112265.67808700     0.565232716562394     2.951625668743687
112265.67843800     0.561140095318543     2.942925347665372
112265.67878900     0.557085379116614     2.934269910257135
112265.67914000     0.553068142101492     2.925659050383216
112265.67949100     0.549087964147199     2.917092464289015
112265.67984200     0.545144431254538     2.908569851642603
112265.68019300     0.541237134472214     2.900090913388060
112265.68054400     0.537365670311424     2.891655352803308
112265.68089500     0.533529641134982     2.883262876525289
112265.68124600     0.529728654110189     2.874913192435708
112265.68159700     0.525962321614322     2.866606010702214
112265.68194800     0.522230261615366     2.858341044787660
112265.68229900     0.518532096655527     2.850118009367630
112265.68265000     0.514867454247709     2.841936621355443
112265.68300100     0.511235967248120     2.833796600895797
112265.68335200     0.507637272869205     2.825697669313577
112265.68370300     0.504071013067381     2.817639550122995
112265.68405400     0.500536834907619     2.809621970006037
112265.68440500     0.497034389604776     2.801644656791962
112265.68475600     0.493563332902738     2.793707340450943
112265.68510700     0.490123325431144     2.785809754057695
112265.68545800     0.486714031774090     2.777951631801062
112265.68580900     0.483335120840883     2.770132709962543
112265.68616000     0.479986266215050     2.762352727865434
112265.68651100     0.476667145249433     2.754611425913937
112265.68686200     0.473377439428759     2.746908546556941
112265.68721300     0.470116834711049     2.739243835222965
112265.68756400     0.466885020648226     2.731617038388276
112265.68791500     0.463681690740619     2.724027904526223
112265.68826600     0.460506542770981     2.716476185028339
112265.68861700     0.457359277949686     2.708961632300893
112265.68896800     0.454239601261348     2.701484000700102
112265.68931900     0.451147221791608     2.694043047439706
112265.68967000     0.448081851896061     2.686638530715403
112265.69002100     0.445043207539176     2.679270210626283
112265.69037200     0.442031008613985     2.671937850069120
112265.69072300     0.439044978133928     2.664641212890224
112265.69107400     0.436084842564263     2.657380064793349
112265.69142500     0.433150332134783     2.650154174221008
112265.69177600     0.430241180053816     2.642963310533215
112265.69212700     0.427357122832273     2.635807244902168
112265.69247800     0.424497900589566     2.628685751180848
112265.69282900     0.421663256288993     2.621598604108164
112265.69318000     0.418852936054586     2.614545580190675
112265.69353100     0.416066689470404     2.607526458558750
112265.69388200     0.413304268836551     2.600541019197609
112265.69423300     0.410565429479040     2.593589043816354
112265.69458400     0.407849930042530     2.586670316691958
112265.69493500     0.405157531766353     2.579784622925705
112265.69528600     0.402487998787495     2.572931749299802
112265.69563700     0.399841098426987     2.566111485109440
112265.69598800     0.397216600485230     2.559323620444157
112265.69633900     0.394614277538274     2.552567947032291
112265.69669000     0.392033905217975     2.545844259061336
112265.69704100     0.389475261526041     2.539152351483776
112265.69739200     0.386938127123686     2.532492020849614
112265.69774300     0.384422285605772     2.525863066115285
112265.69809400     0.381927522832866     2.519265286973476
112265.69844500     0.379453627214549     2.512698484673971
112265.69879600     0.377000389977557     2.506162462821355
112265.69914700     0.374567604515353     2.499657025728365
112265.69949800     0.372155066665186     2.493181979225311
112265.69984900     0.369762574970384     2.486737131446739
112265.70020000     0.367389930046891     2.480322291207932
112265.70055100     0.365036934854173     2.473937268803068
112265.70090200     0.362703394951868     2.467581876781137
112265.70125300     0.360389117882687     2.461255928345078
112265.70160400     0.358093913437351     2.454959238138958
112265.70195500     0.355817593905681     2.448691623013302
112265.70230600     0.353559973475382     2.442452900446477
112265.70265700     0.351320868491146     2.436242889321115
112265.70300800     0.349100097700298     2.430061410678999
112265.70335900     0.346897481666963     2.423908286164364
112265.70371000     0.344712843025465     2.417783338789684
112265.70406100     0.342546006720698     2.411686393680399
112265.70441200     0.340396799437116     2.405617276539660
112265.70476300     0.338265049846646     2.399575814403716
112265.70511400     0.336150588843830     2.393561836376660
112265.70546500     0.334053248989257     2.387575172116220
112265.70581600     0.331972864752044     2.381615652578967
112265.70616700     0.329909272739904     2.375683110745239
112265.70651800     0.327862311156580     2.369777380125607
112265.70686900     0.325831820039003     2.363898295496087
112265.70722000     0.323817641482428     2.358045693613424
112265.70757100     0.321819619111414     2.352219411741863
112265.70792200     0.319837598311810     2.346419288378530
112265.70827300     0.317871426451047     2.340645163959291
112265.70862400     0.315920952362274     2.334896879405417
112265.70897500     0.313986026571273     2.329174276839353
112265.70932600     0.312066501512053     2.323477200281280
112265.70967700     0.310162231023701     2.317805494215347
112265.71002800     0.308273070572392     2.312159004295992
112265.71037900     0.306398877462336     2.306537578035380
112265.71073000     0.304539510345023     2.300941063388863
112265.71108100     0.302694829436394     2.295369309451976
112265.71143200     0.300864696723303     2.289822167138973
112265.71178300     0.299048975409747     2.284299487558652
112265.71213400     0.297247530504252     2.278801123844548
112265.71248500     0.295460228272137     2.273326929540095
112265.71283600     0.293686936444909     2.267876759280539
112265.71318700     0.291927524419437     2.262450469456928
112265.71353800     0.290181862798369     2.257047916851036
112265.71388900     0.288449823595038     2.251668959308472
112265.71424000     0.286731280428394     2.246313456394112
112265.71459100     0.285026108074480     2.240981268045020
112265.71494200     0.283334182666950     2.235672255234846
112265.71529300     0.281655381887849     2.230386280620892
112265.71564400     0.279989584529843     2.225123207214678
112265.71599500     0.278336670692429     2.219882899037810
112265.71634600     0.276696521968675     2.214665221760810
112265.71669700     0.275069021017906     2.209470041391025
112265.71704800     0.273454051757676     2.204297224920103
112265.71739900     0.271851499546592     2.199146640954745
112265.71775000     0.270261250767112     2.194018158421635
112265.71810100     0.268683193013436     2.188911647206674
112265.71845200     0.267117215270465     2.183826978777808
112265.71880300     0.265563207506440     2.178764024906660
112265.71915400     0.264021060856845     2.173722658299681
112265.71950500     0.262490667799581     2.168702753213176
112265.71985600     0.260971921757174     2.163704184191356
112265.72020700     0.259464717276776     2.158726826689550
112265.72055800     0.257968950201652     2.153770557681537
112265.72090900     0.256484517282699     2.148835254413767
112265.72126000     0.255011316354596     2.143920795020739
112265.72161100     0.253549246503751     2.139027059124792
112265.72196200     0.252098207688779     2.134153926606196
112265.72231300     0.250658100913003     2.129301278210845
112265.72266400     0.249228828388820     2.124468996142638
112265.72301500     0.247810293167039     2.119656962849146
112265.72336600     0.246402399305651     2.114865061621752
112265.72371700     0.245005052030846     2.110093177180768
112265.72406800     0.243618157374827     2.105341194476381
112265.72441900     0.242241622341070     2.100608999281419
112265.72477000     0.240875355061976     2.095896478769243
112265.72512100     0.239519264444970     2.091203520329801
112265.72547200     0.238173260334316     2.086530012155050
112265.72582300     0.236837253665474     2.081875843809846
112265.72617400     0.235511156119292     2.077240905062759
112265.72652500     0.234194880280421     2.072625086464327
112265.72687600     0.232888339788476     2.068028279911026
112265.72722700     0.231591449000075     2.063450377490625
112265.72757800     0.230304123143948     2.058891272053377
112265.72792900     0.229026278468985     2.054350857769189
112265.72828000     0.227757831913908     2.049829028987242
112265.72863100     0.226498701259131     2.045325680800284
112265.72898200     0.225248805271791     2.040840709595068
112265.72933300     0.224008063382802     2.036374011926043
112265.72968400     0.222776395835612     2.031925485072802
112265.73003500     0.221553723828218     2.027495027583951
112265.73038600     0.220339969197476     2.023082538164609
112265.73073700     0.219135054564740     2.018687916227130
112265.73108800     0.217938903475008     2.014311062428513
112265.73143900     0.216751440088226     2.009951877571456
112265.73179000     0.215572589321959     2.005610263148503
112265.73214100     0.214402276987665     2.001286121873069
112265.73249200     0.213240429488851     1.996979356593833
112265.73284300     0.212086973960805     1.992689870832417
112265.73319400     0.210941838404103     1.988417569308112
112265.73354500     0.209804951389417     1.984162356865431
112265.73389600     0.208676242194378     1.979924139005360
112265.73424700     0.207555640934379     1.975702822403961
112265.73459800     0.206443078273858     1.971498313852792
112265.73494900     0.205338485560363     1.967310520783910
112265.73530000     0.204241794952705     1.963139351782375
112265.73565100     0.203152939138561     1.958984715539381
112265.73600200     0.202071851465791     1.954846521371080
112265.73635300     0.200998466068013     1.950724679725104
112265.73670400     0.199932717588343     1.946619101146181
112265.73705500     0.198874541308047     1.942529696788882
112265.73740600     0.197823873269589     1.938456378918269
112265.73775700     0.196780650006351     1.934399059887781
112265.73810800     0.195744808668674     1.930357652646000
112265.73845900     0.194716287144440     1.926332071231521
112265.73881000     0.193695023794623     1.922322229762911
112265.73916100     0.192680957576777     1.918328042939583
112265.73951200     0.191674028163208     1.914349426530989
112265.73986300     0.190674175682198     1.910386296378437
112265.74021400     0.189681340839003     1.906438568890185
112265.74056500     0.188695465031677     1.902506161525026
112265.74091600     0.187716490097809     1.898588991805805
112265.74126700     0.186744358433118     1.894686977808796
112265.74161800     0.185779013104930     1.890800038641773
112265.74196900     0.184820397604354     1.886928093469025
112265.74232000     0.183868455962457     1.883071061995136
112265.74267100     0.182923132861523     1.879228864937607
112265.74302200     0.181984373392458     1.875401423063203
112265.74337300     0.181052123168644     1.871588657666178
112265.74372400     0.180126328435020     1.867790491035601
112265.74407500     0.179206935830580     1.864006845502779
112265.74442600     0.178293892499980     1.860237643914095
112265.74477700     0.177387146200446     1.856482810093031
112265.74512800     0.176486645069276     1.852742267898571
112265.74547900     0.175592337733226     1.849015941692677
112265.74583000     0.174704173413324     1.845303756797140
112265.74618100     0.173822101697223     1.841605638562741
112265.74653200     0.172946072646426     1.837921512831476
112265.74688300     0.172076036899052     1.834251306388305
112265.74723400     0.171211945446919     1.830594946040911
112265.74758500     0.170353749740662     1.826952359076746
112265.74793600     0.169501401790484     1.823323473709752
112265.74828700     0.168654853947874     1.819708218170567
112265.74863800     0.167814059008639     1.816106521158455
112265.74898900     0.166978970311709     1.812518312283085
112265.74934000     0.166149541525347     1.808943521165015
112265.74969100     0.165325726748178     1.805382077882583
112265.75004200     0.164507480606067     1.801833913408832
112265.75039300     0.163694758042713     1.798298958722087
112265.75074400     0.162887514418724     1.794777145247924
112265.75109500     0.162085705606608     1.791268405291256
112265.75144600     0.161289287785651     1.787772671156911
112265.75179700     0.160498217539076     1.784289875586685
112265.75214800     0.159712451947179     1.780819952186744
112265.75249900     0.158931948386424     1.777362834557959
112265.75285000     0.158156664624660     1.773918456728190
112265.75320100     0.157386558912538     1.770486753575021
112265.75355200     0.156621589786602     1.767067659965754
112265.75390300     0.155861716162746     1.763661111184941
112265.75425400     0.155106897425809     1.760267043352570
112265.75460500     0.154357093236690     1.756885392573520
112265.75495600     0.153612263623981     1.753516095360467
112265.75530700     0.152872369071859     1.750159089047536
112265.75565800     0.152137370331088     1.746814310949125
112265.75600900     0.151407228508863     1.743481698778202
112265.75636000     0.150681905155070     1.740161191055532
112265.75671100     0.149961362077037     1.736852726277692
112265.75706200     0.149245561427685     1.733556243330868
112265.75741300     0.148534465790131     1.730271681895677
112265.75776400     0.147828037996146     1.726998981624274
112265.75811500     0.147126241212618     1.723738082549682
112265.75846600     0.146429039024560     1.720488925486306
112265.75881700     0.145736395257170     1.717251451215966
112265.75916800     0.145048274060657     1.714025600892844
112265.75951900     0.144364639991664     1.710811316439742
112265.75987000     0.143685457838874     1.707608539742918
112265.76022100     0.143010692706206     1.704417213052703
112265.76057200     0.142340310092734     1.701237279375578
112265.76092300     0.141674275721693     1.698068681677664
112265.76127400     0.141012555622135     1.694911363281083
112265.76162500     0.140355116207331     1.691765268251921
112265.76197600     0.139701924107148     1.688630340612228
112265.76232700     0.139052946248150     1.685506524732203
112265.76267800     0.138408149930551     1.682393765714071
112265.76302900     0.137767502663864     1.679292008612502
112265.76338000     0.137130972245483     1.676201198822667
112265.76373100     0.136498526836233     1.673121282460087
112265.76408200     0.135870134799190     1.670052205589352
112265.76443300     0.135245764776810     1.666993914608075
112265.76478400     0.134625385765070     1.663946356622832
112265.76513500     0.134008966955417     1.660909478685994
112265.76548600     0.133396477810454     1.657883228175701
112265.76583700     0.132787888136712     1.654867553167887
112265.76618800     0.132183167929647     1.651862401681159
112265.76653900     0.131582287447938     1.648867722052800
112265.76689000     0.130985217284886     1.645883463306985
112265.76724100     0.130391928216418     1.642909574407543
112265.76759200     0.129802391273989     1.639946004630091
112265.76794300     0.129216577814696     1.636992703926438
112265.76829400     0.128634459372166     1.634049622185177
112265.76864500     0.128056007728126     1.631116709599951
112265.76899600     0.127481194981232     1.628193917030155
112265.76934700     0.126909993400803     1.625281195269177
112265.76969800     0.126342375497056     1.622378495408924
112265.77004900     0.125778314088710     1.619485769196802
112265.77040000     0.125217782159478     1.616602968311562
