# Frequency       Real(mHT)             Imag(mHT)
112265.41940000     0.096271807875739    -1.578210787995134
112265.41975100     0.096633882346153    -1.581008916037282
112265.42010200     0.096998079813532    -1.583817103647818
112265.42045300     0.097364417232366    -1.586635405200713
112265.42080400     0.097732911774320    -1.589463875813377
112265.42115500     0.098103580785443    -1.592302571002799
112265.42150600     0.098476441741784    -1.595151546334145
112265.42185700     0.098851512343753    -1.598010858130459
112265.42220800     0.099228810472614    -1.600880563125165
112265.42255900     0.099608354145372    -1.603760718106874
112265.42291000     0.099990161610860    -1.606651380636923
112265.42326100     0.100374251305529    -1.609552608698164
112265.42361200     0.100760641807559    -1.612464460335931
112265.42396300     0.101149351934753    -1.615386994383545
112265.42431400     0.101540400699572    -1.618320270107329
112265.42466500     0.101933807262493    -1.621264346843677
112265.42501600     0.102329591031713    -1.624219284732651
112265.42536700     0.102727771617463    -1.627185144359174
112265.42571800     0.103128368784537    -1.630161986386129
112265.42606900     0.103531402553918    -1.633149872296196
112265.42642000     0.103936893156293    -1.636148864029142
112265.42677100     0.104344860983797    -1.639159023610908
112265.42712200     0.104755326693552    -1.642180413903807
112265.42747300     0.105168311160415    -1.645213098239864
112265.42782400     0.105583835427884    -1.648257140045816
112265.42817500     0.106001920813632    -1.651312603601820
112265.42852600     0.106422588861438    -1.654379553670774
112265.42887700     0.106845861291272    -1.657458055119160
112265.42922800     0.107271760106840    -1.660548173684423
112265.42957900     0.107700307546725    -1.663649975600197
112265.42993000     0.108131526033583    -1.666763527212926
112265.43028100     0.108565438283805    -1.669888895758051
112265.43063200     0.109002067257799    -1.673026148981094
112265.43098300     0.109441436108326    -1.676175354749976
112265.43133400     0.109883568292293    -1.679336581840175
112265.43168500     0.110328487520201    -1.682509899551590
112265.43203600     0.110776217703561    -1.685695377316482
112265.43238700     0.111226783068913    -1.688893085493770
112265.43273800     0.111680208106382    -1.692103094981596
112265.43308900     0.112136517516199    -1.695325476820832
112265.43344000     0.112595736324963    -1.698560302998653
112265.43379100     0.113057889833332    -1.701807646056749
112265.43414200     0.113523003561582    -1.705067578690313
112265.43449300     0.113991103368215    -1.708340174561062
112265.43484400     0.114462215396732    -1.711625507901023
112265.43519500     0.114936366020238    -1.714923653106918
112265.43554600     0.115413581962444    -1.718234685562810
112265.43589700     0.115893890243513    -1.721558681239385
112265.43624800     0.116377318123678    -1.724895716283655
112265.43659900     0.116863893226714    -1.728245867851408
112265.43695000     0.117353643484836    -1.731609213701899
112265.43730100     0.117846597081308    -1.734985831782799
112265.43765200     0.118342782576454    -1.738375801072629
112265.43800300     0.118842228851584    -1.741779201170769
112265.43835400     0.119344965050587    -1.745196111877590
112265.43870500     0.119851020708532    -1.748626614047023
112265.43905600     0.120360425694623    -1.752070789171845
112265.43940700     0.120873210152726    -1.755528718958880
112265.43975800     0.121389404632669    -1.759000486191909
112265.44010900     0.121909040032172    -1.762486174312135
112265.44046000     0.122432147536315    -1.765985866988371
112265.44081100     0.122958758751590    -1.769499648990494
112265.44116200     0.123488905646806    -1.773027605764987
112265.44151300     0.124022620491449    -1.776569823000045
112265.44186400     0.124559935992590    -1.780126387509749
112265.44221500     0.125100885234729    -1.783697386804612
112265.44256600     0.125645501617033    -1.787282908651511
112265.44291700     0.126193818993179    -1.790883041968778
112265.44326800     0.126745871610110    -1.794497876391668
112265.44361900     0.127301694044139    -1.798127501827017
112265.44397000     0.127861321343792    -1.801772009359458
112265.44432100     0.128424788967480    -1.805431490811728
112265.44467200     0.128992132718421    -1.809106038293941
112265.44502300     0.129563388890594    -1.812795745121165
112265.44537400     0.130138594205286    -1.816500705368445
112265.44572500     0.130717785744813    -1.820221013414630
112265.44607600     0.131301001101681    -1.823956764871486
112265.44642700     0.131888278313980    -1.827708056133379
112265.44677800     0.132479655797884    -1.831474983915523
112265.44712900     0.133075172500109    -1.835257646194878
112265.44748000     0.133674867832139    -1.839056141754382
112265.44783100     0.134278781601464    -1.842870569715523
112265.44818200     0.134886954167452    -1.846701030491247
112265.44853300     0.135499426374370    -1.850547625324632
112265.44888400     0.136116239481341    -1.854410455815697
112265.44923500     0.136737435321735    -1.858289624886538
112265.44958600     0.137363056234951    -1.862185236314355
112265.44993700     0.137993144995077    -1.866097394252374
112265.45028800     0.138627744973896    -1.870026204207467
112265.45063900     0.139266900071426    -1.873971772567410
112265.45099000     0.139910654643223    -1.877934206115831
112265.45134100     0.140559053667140    -1.881913613022535
112265.45169200     0.141212142672591    -1.885910102364908
112265.45204300     0.141869967666476    -1.889923783636762
112265.45239400     0.142532575303799    -1.893954767751621
112265.45274500     0.143200012815627    -1.898003166558160
112265.45309600     0.143872327933623    -1.902069092342838
112265.45344700     0.144549569064639    -1.906152658846395
112265.45379800     0.145231785217347    -1.910253980773226
112265.45414900     0.145919025925335    -1.914373173287659
112265.45450000     0.146611341425823    -1.918510353043956
112265.45485100     0.147308782584926    -1.922665637689479
112265.45520200     0.148011400819292    -1.926839145354518
112265.45555300     0.148719248279058    -1.931030995696048
112265.45590400     0.149432377771740    -1.935241309394571
112265.45625500     0.150150842682358    -1.939470207637382
112265.45660600     0.150874697160803    -1.943717813176343
112265.45695700     0.151603996044288    -1.947984249818291
112265.45730800     0.152338794775957    -1.952269641901607
112265.45765900     0.153079149596790    -1.956574115368293
112265.45801000     0.153825117466603    -1.960897797247828
112265.45836100     0.154576755981095    -1.965240815126898
112265.45871200     0.155334123568451    -1.969603298236076
112265.45906300     0.156097279408861    -1.973985376926994
112265.45941400     0.156866283349966    -1.978387182135099
112265.45976500     0.157641196108320    -1.982808846481241
112265.46011600     0.158422079187402    -1.987250503742014
112265.46046700     0.159208994791429    -1.991712288305422
112265.46081800     0.160002006031835    -1.996194336287658
112265.46116900     0.160801176843754    -2.000696784996502
112265.46152000     0.161606571898151    -2.005219772379735
112265.46187100     0.162418256813517    -2.009763438157434
112265.46222200     0.163236298070763    -2.014327923278282
112265.46257300     0.164060762923661    -2.018913369360591
112265.46292400     0.164891719615913    -2.023519919840428
112265.46327500     0.165729237294443    -2.028147719420702
112265.46362600     0.166573385918097    -2.032796913504641
112265.46397700     0.167424236480288    -2.037467649360075
112265.46432800     0.168281860920653    -2.042160075561162
112265.46467900     0.169146332031965    -2.046874341414146
112265.46503000     0.170017723688566    -2.051610598138171
112265.46538100     0.170896110756338    -2.056368998299449
112265.46573200     0.171781568997821    -2.061149695229196
112265.46608300     0.172674175306605    -2.065952844221256
112265.46643400     0.173574007615624    -2.070778601958621
112265.46678500     0.174481144800390    -2.075627125923326
112265.46713600     0.175395666919616    -2.080498575611285
112265.46748700     0.176317655121751    -2.085393111950970
112265.46783800     0.177247191546339    -2.090310896705110
112265.46818900     0.178184359571056    -2.095252093703109
112265.46854000     0.179129243716492    -2.100216868251696
112265.46889100     0.180081929545560    -2.105205386528291
112265.46924200     0.181042503917215    -2.110217816831330
112265.46959300     0.182011054889430    -2.115254328982775
112265.46994400     0.182987671616626    -2.120315093712898
112265.47029500     0.183972444610322    -2.125400283928971
112265.47064600     0.184965465640266    -2.130510074109390
112265.47099700     0.185966827629849    -2.135644639679759
112265.47134800     0.186976624923941    -2.140804158300265
112265.47169900     0.187994953188155    -2.145988809251304
112265.47205000     0.189021909302203    -2.151198772800621
112265.47240100     0.190057591635181    -2.156434231509814
112265.47275200     0.191102099942936    -2.161695369611230
112265.47310300     0.192155535259321    -2.166982372366009
112265.47345400     0.193218000179235    -2.172295427390096
112265.47380500     0.194289598754033    -2.177634724022235
112265.47415600     0.195370436380652    -2.183000452672692
112265.47450700     0.196460620092695    -2.188392806169217
112265.47485800     0.197560258453872    -2.193811979115923
112265.47520900     0.198669461444937    -2.199258167232481
112265.47556000     0.199788340763133    -2.204731568720461
112265.47591100     0.200917009713633    -2.210232383612901
112265.47626200     0.202055583094242    -2.215760813103739
112265.47661300     0.203204177503544    -2.221317060934983
112265.47696400     0.204362911230291    -2.226901332736752
112265.47731500     0.205531904135848    -2.232513835346732
112265.47766600     0.206711277971367    -2.238154778218613
112265.47801700     0.207901156265116    -2.243824372752381
112265.47836800     0.209101664202588    -2.249522831603564
112265.47871900     0.210312929003548    -2.255250370351468
112265.47907000     0.211535079555019    -2.261007205629179
112265.47942100     0.212768246793469    -2.266793556802969
112265.47977200     0.214012563588593    -2.272609645285807
112265.48012300     0.215268164619478    -2.278455693829036
112265.48047400     0.216535186717733    -2.284331927989841
112265.48082500     0.217813768749092    -2.290238575434389
112265.48117600     0.219104051487162    -2.296175865218613
112265.48152700     0.220406177967004    -2.302144029278710
112265.48187800     0.221720293364552    -2.308143301723641
112265.48222900     0.223046544867866    -2.314173918104754
112265.48258000     0.224385082041627    -2.320236116929820
112265.48293100     0.225736056704315    -2.326330138944619
112265.48328200     0.227099622796942    -2.332456226391139
112265.48363300     0.228475936758903    -2.338614624545639
112265.48398400     0.229865157402887    -2.344805580989068
112265.48433500     0.231267445781036    -2.351029344853525
112265.48468600     0.232682965572645    -2.357286168384898
112265.48503700     0.234111882956751    -2.363576306201800
112265.48538800     0.235554366475702    -2.369900014530010
112265.48573900     0.237010587435174    -2.376257552790201
112265.48609000     0.238480719774436    -2.382649182845119
112265.48644100     0.239964939927264    -2.389075168221662
112265.48679200     0.241463427234801    -2.395535775724254
112265.48714300     0.242976363813489    -2.402031274669948
112265.48749400     0.244503934413241    -2.408561936097815
112265.48784500     0.246046326843746    -2.415128034408513
112265.48819600     0.247603731839984    -2.421729846587009
112265.48854700     0.249176342917656    -2.428367651398883
112265.48889800     0.250764356813483    -2.435041731056725
112265.48924900     0.252367973348284    -2.441752370430043
112265.48960000     0.253987395279617    -2.448499856228225
112265.48995100     0.255622828756671    -2.455284478694239
112265.49030200     0.257274483180901    -2.462106530801448
112265.49065300     0.258942571055793    -2.468966307422786
112265.49100400     0.260627308457031    -2.475864107052392
112265.49135500     0.262328914890604    -2.482800230988928
112265.49170600     0.264047613139712    -2.489774982490578
112265.49205700     0.265783629750808    -2.496788668525210
112265.49240800     0.267537194889222    -2.503841598939807
112265.49275900     0.269308542183074    -2.510934085600858
112265.49311000     0.271097909225970    -2.518066444173662
112265.49346100     0.272905537430052    -2.525238993277439
112265.49381200     0.274731671866909    -2.532452053610701
112265.49416300     0.276576561787640    -2.539705949760278
112265.49451400     0.278440460473304    -2.547001009341697
112265.49486500     0.280323625072778    -2.554337562109045
112265.49521600     0.282226317140954    -2.561715941794360
112265.49556700     0.284148802486570    -2.569136485232804
112265.49591800     0.286091351006937    -2.576599531456531
112265.49626900     0.288054237245098    -2.584105423565072
112265.49662000     0.290037740235003    -2.591654507834806
112265.49697100     0.292042143333032    -2.599247132796341
112265.49732200     0.294067734794994    -2.606883651136502
112265.49767300     0.296114807618573    -2.614564418791596
112265.49802400     0.298183659371622    -2.622289794007777
112265.49837500     0.300274592789859    -2.630060139275244
112265.49872600     0.302387915616574    -2.637875820404798
112265.49907700     0.304523940427600    -2.645737205570576
112265.49942800     0.306682985250660    -2.653644667277150
112265.49977900     0.308865373402285    -2.661598581418753
112265.50013000     0.311071433309385    -2.669599326303817
112265.50048100     0.313301499151233    -2.677647284655599
112265.50083200     0.315555910693548    -2.685742842653469
112265.50118300     0.317835013106566    -2.693886388938640
112265.50153400     0.320139157630715    -2.702078316648924
112265.50188500     0.322468701407782    -2.710319022441493
112265.50223600     0.324824007295423    -2.718608905479079
112265.50258700     0.327205444557584    -2.726948369499544
112265.50293800     0.329613388692702    -2.735337821819407
112265.50328900     0.332048221244539    -2.743777672299837
112265.50364000     0.334510330518485    -2.752268335451648
112265.50399100     0.337000111406734    -2.760810229418886
112265.50434200     0.339517965195306    -2.769403774923878
112265.50469300     0.342064300307443    -2.778049397408271
112265.50504400     0.344639532125633    -2.786747525995931
112265.50539500     0.347244082794742    -2.795498592416256
112265.50574600     0.349878381993705    -2.804303033181889
112265.50609700     0.352542866754324    -2.813161288530120
112265.50644800     0.355237981260344    -2.822073801323638
112265.50679900     0.357964177648745    -2.831041019265522
112265.50715000     0.360721915825201    -2.840063393818330
112265.50750100     0.363511663258944    -2.849141379081368
112265.50785200     0.366333895814989    -2.858275434043592
112265.50820300     0.369189097566143    -2.867466021479469
112265.50855400     0.372077760583452    -2.876713606801853
112265.50890500     0.375000385800792    -2.886018660353379
112265.50925600     0.377957482823249    -2.895381656278147
112265.50960700     0.380949569712971    -2.904803071349223
112265.50995800     0.383977173887569    -2.914283387299098
112265.51030900     0.387040831924696    -2.923823089666188
112265.51066000     0.390141089343076    -2.933422666595944
112265.51101100     0.393278501536227    -2.943082611210902
112265.51136200     0.396453633573061    -2.952803420430977
112265.51171300     0.399667059973792    -2.962585593747034
112265.51206400     0.402919365680598    -2.972429635631121
112265.51241500     0.406211145853968    -2.982336054329387
112265.51276600     0.409543005643234    -2.992305360607008
112265.51311700     0.412915561195772    -3.002338070199072
112265.51346800     0.416329439448866    -3.012434702574968
112265.51381900     0.419785277894484    -3.022595779653433
112265.51417000     0.423283725628758    -3.032821828294580
112265.51452100     0.426825443139027    -3.043113379034520
112265.51487200     0.430411102062486    -3.053470964769244
112265.51522300     0.434041386277704    -3.063895123288241
112265.51557400     0.437716991686498    -3.074386395978059
112265.51592500     0.441438625966000    -3.084945326473659
112265.51627600     0.445207009704063    -3.095572463234063
112265.51662700     0.449022876175536    -3.106268358213474
112265.51697800     0.452886971087275    -3.117033565478680
112265.51732900     0.456800053759309    -3.127868643827121
112265.51768000     0.460762896895058    -3.138774155424145
112265.51803100     0.464776286318732    -3.149750664384943
112265.51838200     0.468841022204206    -3.160798739435450
112265.51873300     0.472957918838655    -3.171918952514142
112265.51908400     0.477127804351704    -3.183111877317040
112265.51943500     0.481351521994032    -3.194378092001675
112265.51978600     0.485629929893837    -3.205718177751947
112265.52013700     0.489963900777000    -3.217132717284463
112265.52048800     0.494354323297537    -3.228622297595965
112265.52083900     0.498802101786181    -3.240187508489491
112265.52119000     0.503308155960793    -3.251828941040445
112265.52154100     0.507873422310791    -3.263547190387669
112265.52189200     0.512498853837104    -3.275342854219255
112265.52224300     0.517185419751928    -3.287216531196524
112265.52259400     0.521934106919362    -3.299168823789004
112265.52294500     0.526745919585869    -3.311200336718061
112265.52329600     0.531621879068396    -3.323311675337013
112265.52364700     0.536563025253505    -3.335503448510138
112265.52399800     0.541570416317382    -3.347776267012323
112265.52434900     0.546645128401241    -3.360130741863395
112265.52470000     0.551788257171299    -3.372567487251315
112265.52505100     0.557000917527276    -3.385087118885919
112265.52540200     0.562284243263873    -3.397690252285531
112265.52575300     0.567639388694056    -3.410377505744450
112265.52610400     0.573067528344820    -3.423149498638815
112265.52645500     0.578569856603507    -3.436006849663488
112265.52680600     0.584147589406804    -3.448950179843931
112265.52715700     0.589801963922603    -3.461980110792126
112265.52750800     0.595534238179611    -3.475097262891752
112265.52785900     0.601345692824756    -3.488302258354417
112265.52821000     0.607237630789663    -3.501595719423622
112265.52856100     0.613211376902045    -3.514978266506090
112265.52891200     0.619268279714172    -3.528450521272409
112265.52926300     0.625409711152471    -3.542013104806875
112265.52961400     0.631637066108986    -3.555666635682921
112265.52996500     0.637951764343715    -3.569411733108040
112265.53031600     0.644355250115677    -3.583249015017461
112265.53066700     0.650848991752649    -3.597179096091446
112265.53101800     0.657434483630255    -3.611202590944486
112265.53136900     0.664113245782744    -3.625320112160582
112265.53172000     0.670886823449076    -3.639532268250267
112265.53207100     0.677756789131781    -3.653839666883953
112265.53242200     0.684724742185588    -3.668242912866613
112265.53277300     0.691792308337778    -3.682742606032348
112265.53312400     0.698961141830016    -3.697339344521718
112265.53347500     0.706232924982820    -3.712033722693597
112265.53382600     0.713609367688050    -3.726826328955096
112265.53417700     0.721092209636998    -3.741717749082647
112265.53452800     0.728683219858662    -3.756708564068819
112265.53487900     0.736384196182056    -3.771799347885342
112265.53523000     0.744196967554126    -3.786990670847690
112265.53558100     0.752123393549607    -3.802283097394604
112265.53593200     0.760165363800834    -3.817677183781951
112265.53628300     0.768324800409171    -3.833173481490488
112265.53663400     0.776603657424248    -3.848772534935780
112265.53698500     0.785003920238783    -3.864474879090637
112265.53733600     0.793527608097542    -3.880281042935629
112265.53768700     0.802176773543597    -3.896191547097052
112265.53803800     0.810953501775695    -3.912206901395650
112265.53838900     0.819859913258937    -3.928327608339321
112265.53874000     0.828898163135746    -3.944554160686757
112265.53909100     0.838070440543193    -3.960887038920067
112265.53944200     0.847378971329965    -3.977326714779010
112265.53979300     0.856826017429617    -3.993873648747784
112265.54014400     0.866413876135298    -4.010528287449184
112265.54049500     0.876144882927849    -4.027291067219378
112265.54084600     0.886021410808951    -4.044162411515389
112265.54119700     0.896045869530650    -4.061142728228079
112265.54154800     0.906220708539789    -4.078232413296495
112265.54189900     0.916548416268682    -4.095431848033171
112265.54225000     0.927031519316799    -4.112741396353372
112265.54260100     0.937672585517159    -4.130161408427413
112265.54295200     0.948474223182132    -4.147692217921001
112265.54330300     0.959439080234687    -4.165334139137706
112265.54365400     0.970569847402769    -4.183087470707541
112265.54400500     0.981869257417816    -4.200952492739050
112265.54435600     0.993340084093049    -4.218929463871923
112265.54470700     1.004985145652178    -4.237018624999458
112265.54505800     1.016807303878374    -4.255220196328992
112265.54540900     1.028809463136932    -4.273534374341015
112265.54576000     1.040994573845221    -4.291961335542770
112265.54611100     1.053365631569713    -4.310501233433016
112265.54646200     1.065925675990449    -4.329154195363781
112265.54681300     1.078677794519504    -4.347920326321507
112265.54716400     1.091625121343702    -4.366799705791771
112265.54751500     1.104770836328235    -4.385792384519161
112265.54786600     1.118118168791328    -4.404898388311703
112265.54821700     1.131670396490180    -4.424117714800481
112265.54856800     1.145430844461045    -4.443450330092573
112265.54891900     1.159402888958094    -4.462896172593477
112265.54927000     1.173589956380056    -4.482455149655959
112265.54962100     1.187995522043837    -4.502127134120145
112265.54997200     1.202623114295960    -4.521911968147710
112265.55032300     1.217476313377104    -4.541809459753351
112265.55067400     1.232558750126164    -4.561819379225380
112265.55102500     1.247874110272788    -4.581941462964132
112265.55137600     1.263426133236793    -4.602175409888555
112265.55172700     1.279218610759109    -4.622520877729668
112265.55207800     1.295255391384146    -4.642977486864281
112265.55242900     1.311540379190559    -4.663544816588130
112265.55278000     1.328077532345032    -4.684222401273424
112265.55313100     1.344870867783201    -4.705009734187477
112265.55348200     1.361924459867572    -4.725906263622620
112265.55383300     1.379242438859539    -4.746911388907816
112265.55418400     1.396828995807283    -4.768024464200186
112265.55453500     1.414688381125940    -4.789244794460506
112265.55488600     1.432824902982265    -4.810571631307661
112265.55523700     1.451242932397614    -4.832004176769057
112265.55558800     1.469946901744429    -4.853541579089257
112265.55593900     1.488941303036765    -4.875182928414446
112265.55629000     1.508230693255929    -4.896927260485887
112265.55664100     1.527819692755930    -4.918773552267567
112265.55699200     1.547712983451826    -4.940720717446438
112265.55734300     1.567915314374569    -4.962767610050833
112265.55769400     1.588431499976549    -4.984913019881516
112265.55804500     1.609266418207924    -5.007155667811738
112265.55839600     1.630425016306040    -5.029494209310405
112265.55874700     1.651912308990279    -5.051927229659078
112265.55909800     1.673733376414357    -5.074453239034374
112265.55944900     1.695893370194219    -5.097070675913187
112265.55980000     1.718397511478969    -5.119777902056653
112265.56015100     1.741251088764708    -5.142573197355549
112265.56050200     1.764459464162768    -5.165454763092573
112265.56085300     1.788028071330735    -5.188420716672416
112265.56120400     1.811962413130465    -5.211469086209246
112265.56155500     1.836268068136064    -5.234597813618522
112265.56190600     1.860950688405813    -5.257804749070638
112265.56225700     1.886015996963435    -5.281087645297863
112265.56260800     1.911469794542419    -5.304444160485692
112265.56295900     1.937317957175740    -5.327871852425899
112265.56331000     1.963566433475487    -5.351368172518765
112265.56366100     1.990221251606626    -5.374930468431462
112265.56401200     2.017288516666960    -5.398555977924830
112265.56436300     2.044774407735646    -5.422241822525255
112265.56471400     2.072685185065272    -5.445985009915268
112265.56506500     2.101027187219567    -5.469782427406955
112265.56541600     2.129806827855800    -5.493630835256693
112265.56576700     2.159030603119451    -5.517526868750788
112265.56611800     2.188705088501117    -5.541467031297405
112265.56646900     2.218836935311923    -5.565447687356428
112265.56682000     2.249432878259245    -5.589465064180935
112265.56717100     2.280499731977802    -5.613515244498751
112265.56752200     2.312044387150127    -5.637594159029188
112265.56787300     2.344073818235442    -5.661697587839379
112265.56822400     2.376595079622321    -5.685821152586374
112265.56857500     2.409615301338369    -5.709960308592353
112265.56892600     2.443141696897011    -5.734110345773663
112265.56927700     2.477181559010506    -5.758266380414543
112265.56962800     2.511742254824156    -5.782423346773256
112265.56997900     2.546831233837211    -5.806575997540775
112265.57033000     2.582456023105473    -5.830718895118398
112265.57068100     2.618624221925275    -5.854846402728699
112265.57103200     2.655343509775200    -5.878952684360797
112265.57138300     2.692621640926597    -5.903031695526391
112265.57173400     2.730466438491433    -5.927077173851789
112265.57208500     2.768885802320579    -5.951082638467934
112265.57243600     2.807887702928605    -5.975041380222503
112265.57278700     2.847480174807024    -5.998946451733347
112265.57313800     2.887671324202779    -6.022790666183788
112265.57348900     2.928469322250160    -6.046566586973225
112265.57384000     2.969882397437227    -6.070266517218144
112265.57419100     3.011918843174449    -6.093882497916810
112265.57454200     3.054587010011861    -6.117406297028052
112265.57489300     3.097895297131154    -6.140829398413491
112265.57524400     3.141852159599408    -6.164142999341927
112265.57559500     3.186466099533353    -6.187337998995090
112265.57594600     3.231745656473068    -6.210404986855198
112265.57629700     3.277699414199177    -6.233334239527823
112265.57664800     3.324335990688634    -6.256115708685718
112265.57699900     3.371664027207900    -6.278739008919213
112265.57735000     3.419692194554224    -6.301193413868170
112265.57770100     3.468429181628470    -6.323467843630695
112265.57805200     3.517883683066734    -6.345550852111512
112265.57840300     3.568064404747093    -6.367430622468810
112265.57875400     3.618980050785309    -6.389094954035182
112265.57910500     3.670639309503854    -6.410531249220920
112265.57945600     3.723050858025597    -6.431726508301838
112265.57980700     3.776223347477796    -6.452667315925079
112265.58015800     3.830165387077198    -6.473339827651839
112265.58050900     3.884885547611652    -6.493729764138060
112265.58086000     3.940392344617491    -6.513822397329135
112265.58121100     3.996694220339250    -6.533602536760822
112265.58156200     4.053799545880087    -6.553054523216606
112265.58191300     4.111716602098041    -6.572162214754314
112265.58226400     4.170453559180095    -6.590908972925468
112265.58261500     4.230018477223367    -6.609277656032933
112265.58296600     4.290419284578254    -6.627250605179514
112265.58331700     4.351663754760007    -6.644809630616181
112265.58366800     4.413759505206651    -6.661936004772105
112265.58401900     4.476713972782723    -6.678610448571646
112265.58437000     4.540534387739600    -6.694813118182036
112265.58472100     4.605227770384109    -6.710523598045958
112265.58507200     4.670800903448256    -6.725720887780381
112265.58542300     4.737260302803708    -6.740383389664737
112265.58577400     4.804612211769951    -6.754488901975389
112265.58612500     4.872862570055302    -6.768014606857648
112265.58647600     4.942016980934195    -6.780937058978239
112265.58682700     5.012080702928637    -6.793232179540798
112265.58717800     5.083058615036766    -6.804875245612915
112265.58752900     5.154955180097812    -6.815840880460582
112265.58788000     5.227774433598673    -6.826103048716178
112265.58823100     5.301519944932646    -6.835635047744328
112265.58858200     5.376194776710253    -6.844409500282135
112265.58893300     5.451801470478301    -6.852398351334565
112265.58928400     5.528342003798200    -6.859572862276001
112265.58963500     5.605817745315680    -6.865903606537393
112265.58998600     5.684229437238308    -6.871360468916901
112265.59033700     5.763577148095039    -6.875912643237402
112265.59068800     5.843860223460442    -6.879528631946770
112265.59103900     5.925077265123829    -6.882176248652849
112265.59139000     6.007226079495497    -6.883822620285975
112265.59174100     6.090303623997595    -6.884434191609370
112265.59209200     6.174305982980173    -6.883976731910946
112265.59244300     6.259228311881678    -6.882415342750690
112265.59279400     6.345064779455455    -6.879714468507059
112265.59314500     6.431808540651801    -6.875837908278748
112265.59349600     6.519451676826962    -6.870748830420530
112265.59384700     6.607985134178489    -6.864409790371587
112265.59419800     6.697398694023301    -6.856782748927442
112265.59454900     6.787680909587595    -6.847829094875632
112265.59490000     6.878819041280644    -6.837509671450130
112265.59525100     6.970799028893792    -6.825784801700471
112265.59560200     7.063605406643661    -6.812614323194032
112265.59595300     7.157221274533660    -6.797957619345754
112265.59630400     7.251628231450681    -6.781773658654521
112265.59665500     7.346806307446633    -6.764021038668042
112265.59700600     7.442733931360241    -6.744658027402577
112265.59735700     7.539387863503600    -6.723642614411590
112265.59770800     7.636743128148722    -6.700932567109935
112265.59805900     7.734772982801761    -6.676485483146549
112265.59841000     7.833448852361541    -6.650258854606281
112265.59876100     7.932740263858133    -6.622210137939429
112265.59911200     8.032614819498589    -6.592296818321984
112265.59946300     8.133038134657387    -6.560476488082700
112265.59981400     8.233973777402841    -6.526706931232404
112265.60016500     8.335383247907505    -6.490946200548199
112265.60051600     8.437225923126567    -6.453152710973857
112265.60086700     8.539459004142479    -6.413285339346666
112265.60121800     8.642037505003247    -6.371303514494164
112265.60156900     8.744914207423976    -6.327167325851651
112265.60192000     8.848039619445714    -6.280837638420773
112265.60227100     8.951361977188615    -6.232276195549166
112265.60262200     9.054827213330384    -6.181445742326312
112265.60297300     9.158378930962852    -6.128310155063202
112265.60332400     9.261958422071570    -6.072834555624491
112265.60367500     9.365504653846724    -6.014985448297402
112265.60402600     9.468954261867880    -5.954730862150724
112265.60437700     9.572241589285326    -5.892040474812128
112265.60472800     9.675298695134535    -5.826885760460254
112265.60507900     9.778055371019059    -5.759240142324018
112265.60543000     9.880439204897039    -5.689079122664835
112265.60578100     9.982375615429227    -5.616380438355295
112265.60613200    10.083787896084710    -5.541124219552533
112265.60648300    10.184597307059098    -5.463293121410557
112265.60683400    10.284723139213201    -5.382872482436264
112265.60718500    10.384082788929081    -5.299850484087106
112265.60753600    10.482591880936127    -5.214218278479534
112265.60788700    10.580164364534129    -5.125970143447879
112265.60823800    10.676712621521956    -5.035103636576092
112265.60858900    10.772147621539986    -4.941619711998461
112265.60894000    10.866379051979736    -4.845522864949171
112265.60929100    10.959315459868668    -4.746821272671468
112265.60964200    11.050864439740955    -4.645526892465324
112265.60999300    11.140932796916644    -4.541655587651353
112265.61034400    11.229426722372807    -4.435227247061968
112265.61069500    11.316252011163010    -4.326265855932000
112265.61104600    11.401314256657697    -4.214799594770443
112265.61139700    11.484519055234724    -4.100860928884353
112265.61174800    11.565772250977798    -3.984486643691090
112265.61209900    11.644980156118798    -3.865717908145717
112265.61245000    11.722049779976739    -3.744600326125982
112265.61280100    11.796889093233027    -3.621183928400947
112265.61315200    11.869407267383782    -3.495523193122899
112265.61350300    11.939514919942134    -3.367677052014165
112265.61385400    12.007124389229430    -3.237708832642151
112265.61420500    12.072149983363060    -3.105686230113821
112265.61455600    12.134508231557174    -2.971681262891331
112265.61490700    12.194118158342313    -2.835770161204583
112265.61525800    12.250901530745262    -2.698033286465085
112265.61560900    12.304783103848431    -2.558555034143962
112265.61596000    12.355690881924415    -2.417423667015237
112265.61631100    12.403556351274664    -2.274731181812736
112265.61666200    12.448314707294351    -2.130573159778700
112265.61701300    12.489905089426726    -1.985048546782816
112265.61736400    12.528270786842898    -1.838259470161535
112265.61771500    12.563359434309014    -1.690311041034330
112265.61806600    12.595123208302862    -1.541311086903547
112265.61841700    12.623518993481802    -1.391369925132432
112265.61876800    12.648508535770286    -1.240600124601104
112265.61911900    12.670058588508091    -1.089116199812638
112265.61947000    12.688141029491836    -0.937034350725156
112265.61982100    12.702732961879837    -0.784472194416198
112265.62017200    12.713816801792024    -0.631548432632399
112265.62052300    12.721380338518692    -0.478382570332372
112265.62087400    12.725416776920540    -0.325094630394211
112265.62122500    12.725924761278947    -0.171804808616868
112265.62157600    12.722908374803103    -0.018633185043297
112265.62192700    12.716377120910170     0.134300563897825
112265.62227800    12.706345882016926     0.286877507949316
112265.62262900    12.692834858400705     0.438979744274938
112265.62298000    12.675869489711662     0.590490673311116
112265.62333100    12.655480351413603     0.741295324118878
112265.62368200    12.631703036968377     0.891280614186449
112265.62403300    12.604578024752497     1.040335599715414
112265.62438400    12.574150518592887     1.188351770407398
112265.62473500    12.540470280750347     1.335223275553144
112265.62508600    12.503591452705802     1.480847137276412
112265.62543700    12.463572349330095     1.625123503803011
112265.62578800    12.420475252904541     1.767955832234221
112265.62613900    12.374366198702720     1.909251056168912
112265.62649000    12.325314734511345     2.048919789628743
112265.62684100    12.273393687716014     2.186876460175408
112265.62719200    12.218678928042879     2.323039425709334
112265.62754300    12.161249105267901     2.457331124716756
112265.62789400    12.101185402112291     2.589678156888406
112265.62824500    12.038571286875630     2.720011347387122
112265.62859600    11.973492242220134     2.848265842576015
112265.62894700    11.906035516302300     2.974381138676945
112265.62929800    11.836289877396871     3.098301095068036
112265.62964900    11.764345345737986     3.219973977824352
112265.63000000    11.690292954107068     3.339352439916540
112265.63035100    11.614224515096687     3.456393487870883
112265.63070200    11.536232366334795     3.571058478055588
112265.63105300    11.456409149881521     3.683313054253750
112265.63140400    11.374847600756144     3.793127074108211
112265.63175500    11.291640313720940     3.900474564975426
112265.63210600    11.206879548573996     4.005333626293925
112265.63245700    11.120657046228402     4.107686323571508
112265.63280800    11.033063822852782     4.207518611750857
112265.63315900    10.944190005745753     4.304820210625571
112265.63351000    10.854124680863816     4.399584474718099
112265.63386100    10.762955717749398     4.491808292499889
112265.63421200    10.670769638358442     4.581491943245949
112265.63456300    10.577651497693946     4.668638951084685
112265.63491400    10.483684740789158     4.753255968196828
112265.63526500    10.388951104806390     4.835352621065316
112265.63561600    10.293530532496046     4.914941356390601
112265.63596700    10.197501060675261     4.992037315695557
112265.63631800    10.100938754231731     5.066658178074660
112265.63666900    10.003917650583642     5.138824004710560
112265.63702000     9.906509677670574     5.208557111297043
112265.63737100     9.808784617232638     5.275881913271983
112265.63772200     9.710810077325046     5.340824774499701
112265.63807300     9.612651436837268     5.403413882735842
112265.63842400     9.514371834572209     5.463679102087771
112265.63877500     9.416032166158141     5.521651830175609
112265.63912600     9.317691051506433     5.577364880630138
112265.63947700     9.219404845752651     5.630852346279170
112265.63982800     9.121227656561061     5.682149467877103
112265.64017900     9.023211330668186     5.731292526447345
112265.64053000     8.925405482607033     5.778318719532202
112265.64088100     8.827857528350279     5.823266043462423
112265.64123200     8.730612687099095     5.866173197298781
112265.64158300     8.633714023821971     5.907079473460732
112265.64193400     8.537202495360988     5.946024654546100
112265.64228500     8.441116963840630     5.983048929726276
112265.64263600     8.345494249343229     6.018192800222424
112265.64298700     8.250369184937510     6.051496990895776
112265.64333800     8.155774638433723     6.083002379231448
112265.64368900     8.061741571922669     6.112749915460498
112265.64404000     7.968299102615555     6.140780548534762
112265.64439100     7.875474530100777     6.167135167285374
112265.64474200     7.783293399938178     6.191854534494006
112265.64509300     7.691779567672111     6.214979226425490
112265.64544400     7.600955229205207     6.236549585359260
112265.64579500     7.510840986119673     6.256605666572624
112265.64614600     7.421455910703044     6.275187190312320
112265.64649700     7.332817577508911     6.292333504646752
112265.64684800     7.244942128541898     6.308083544116101
112265.64719900     7.157844337589270     6.322475792855321
112265.64755000     7.071537641463840     6.335548256578272
112265.64790100     6.986034203617411     6.347338431548839
112265.64825200     6.901344976482977     6.357883277496951
112265.64860300     6.817479731276262     6.367219197498887
112265.64895400     6.734447118981224     6.375382015904210
112265.64930500     6.652254729767277     6.382406959690820
112265.64965600     6.570909120555569     6.388328645024421
112265.65000700     6.490415872643790     6.393181062817255
112265.65035800     6.410779647567719     6.396997567226016
112265.65070900     6.332004211913382     6.399810867737681
112265.65106000     6.254092491117381     6.401653021119463
112265.65141100     6.177046621392130     6.402555425855039
112265.65176200     6.100867971488034     6.402548818699718
112265.65211300     6.025557192422111     6.401663271887598
112265.65246400     5.951114265285432     6.399928192416387
112265.65281500     5.877538519834989     6.397372322125096
112265.65316600     5.804828680072185     6.394023739146504
112265.65351700     5.732982907905004     6.389909861073003
112265.65386800     5.661998818582296     6.385057447728800
112265.65421900     5.591873522171582     6.379492605980078
112265.65457000     5.522603663162957     6.373240795939802
112265.65492100     5.454185432855779     6.366326835723150
112265.65527200     5.386614606877824     6.358774908850527
112265.65562300     5.319886580899803     6.350608572769771
112265.65597400     5.253996380151944     6.341850764995133
112265.65632500     5.188938693190129     6.332523812454260
112265.65667600     5.124707903945009     6.322649441718271
112265.65702700     5.061298098589138     6.312248786028204
112265.65737800     4.998703095796589     6.301342396042542
112265.65772900     4.936916475384038     6.289950251268641
112265.65808000     4.875931582773773     6.278091767572546
112265.65843100     4.815741556015491     6.265785808879219
112265.65878200     4.756339351294199     6.253050699389584
112265.65913300     4.697717745243856     6.239904231251483
112265.65948400     4.639869359009314     6.226363676848139
112265.65983500     4.582786680899832     6.212445801464899
112265.66018600     4.526462066808107     6.198166870869658
112265.66053700     4.470887761588069     6.183542663897424
112265.66088800     4.416055919128955     6.168588485299678
112265.66123900     4.361958601125445     6.153319173042086
112265.66159000     4.308587796038835     6.137749110955514
112265.66194100     4.255935436855150     6.121892241558614
112265.66229200     4.203993398439225     6.105762072931610
112265.66264300     4.152753514332320     6.089371691255439
112265.66299400     4.102207592443440     6.072733773447768
112265.66334500     4.052347411202414     6.055860593512533
112265.66369600     4.003164734431379     6.038764034832881
112265.66404700     3.954651325199631     6.021455602500867
112265.66439800     3.906798940973371     6.003946429076790
112265.66474900     3.859599346778909     5.986247286536729
112265.66510000     3.813044327433345     5.968368598209979
112265.66545100     3.767125681868613     5.950320443908739
112265.66580200     3.721835234785768     5.932112571460819
112265.66615300     3.677164847454121     5.913754408195144
112265.66650400     3.633106411368380     5.895255065424348
112265.66685500     3.589651858574196     5.876623349516214
112265.66720600     3.546793171209374     5.857867772889382
112265.66755700     3.504522374634691     5.838996557847877
112265.66790800     3.462831546592149     5.820017647163435
112265.66825900     3.421712825644130     5.800938714560661
112265.66861000     3.381158403900612     5.781767167915143
112265.66896100     3.341160535154713     5.762510159333432
112265.66931200     3.301711542358138     5.743174595119917
112265.66966300     3.262803810051598     5.723767138359788
112265.67001400     3.224429791605815     5.704294218494471
112265.67036500     3.186582015855922     5.684762040772905
112265.67071600     3.149253079327238     5.665176588246856
112265.67106700     3.112435652694872     5.645543630848561
112265.67141800     3.076122486685161     5.625868734336206
112265.67176900     3.040306404175698     5.606157261734205
112265.67212000     3.004980305973078     5.586414381925466
112265.67247100     2.970137176076537     5.566645078106968
112265.67282200     2.935770073718798     5.546854148709810
112265.67317300     2.901872138549523     5.527046215523675
112265.67352400     2.868436595344327     5.507225731681603
112265.67387500     2.835456746042627     5.487396982096722
112265.67422600     2.802925974413278     5.467564091138994
112265.67457700     2.770837750281456     5.447731030171262
112265.67492800     2.739185621610499     5.427901617539770
112265.67527900     2.707963218716343     5.408079525825263
112265.67563000     2.677164258075561     5.388268288953951
112265.67598100     2.646782534489795     5.368471301778493
112265.67633200     2.616811924907081     5.348691826926768
112265.67668300     2.587246391865957     5.328933001511881
112265.67703400     2.558079975774072     5.309197836339540
112265.67738500     2.529306798386675     5.289489222378034
112265.67773600     2.500921065934697     5.269809937091811
112265.67808700     2.472917061542604     5.250162643309486
112265.67843800     2.445289148408085     5.230549895338736
112265.67878900     2.418031772655026     5.210974144947317
112265.67914000     2.391139455910947     5.191437739924687
112265.67949100     2.364606798225581     5.171942929864734
112265.67984200     2.338428480684473     5.152491871817597
112265.68019300     2.312599258161523     5.133086628575932
112265.68054400     2.287113962009070     5.113729174147717
112265.68089500     2.261967502463151     5.094421399101374
112265.68124600     2.237154861582474     5.075165108605693
112265.68159700     2.212671095738647     5.055962027614045
112265.68194800     2.188511337839298     5.036813805924107
112265.68229900     2.164670790462089     5.017722015998822
112265.68265000     2.141144728169409     4.998688157881849
112265.68300100     2.117928499572236     4.979713663992550
112265.68335200     2.095017520664824     4.960799896752724
112265.68370300     2.072407276984851     4.941948153252741
112265.68405400     2.050093325537825     4.923159669800492
112265.68440500     2.028071288335604     4.904435619377369
112265.68475600     2.006336854420271     4.885777116072935
112265.68510700     1.984885781665951     4.867185219405450
112265.68545800     1.963713890522580     4.848660931628797
112265.68580900     1.942817065919116     4.830205201951999
112265.68616000     1.922191258957378     4.811818930648338
112265.68651100     1.901832480860764     4.793502966232483
112265.68686200     1.881736804770414     4.775258109480617
112265.68721300     1.861900367343446     4.757085117343419
112265.68756400     1.842319362905243     4.738984700011405
112265.68791500     1.822990045150055     4.720957524750046
112265.68826600     1.803908728654521     4.703004219630885
112265.68861700     1.785071783230825     4.685125370501461
112265.68896800     1.766475635541863     4.667321524648698
112265.68931900     1.748116770539310     4.649593194361385
112265.68967000     1.729991726014054     4.631940853819527
112265.69002100     1.712097094134813     4.614364942598297
112265.69037200     1.694429522818458     4.596865869074160
112265.69072300     1.676985710473874     4.579444007246943
112265.69107400     1.659762407471274     4.562099700095864
112265.69142500     1.642756417451782     4.544833262840301
112265.69177600     1.625964592259988     4.527644979707048
112265.69212700     1.609383833350507     4.510535107148618
112265.69247800     1.593011093042634     4.493503876969136
112265.69282900     1.576843369636650     4.476551493047657
112265.69318000     1.560877708763156     4.459678134428442
112265.69353100     1.545111204587942     4.442883958321376
112265.69388200     1.529540995106642     4.426169096791332
112265.69423300     1.514164263441805     4.409533659729184
112265.69458400     1.498978239002275     4.392977737735485
112265.69493500     1.483980192950758     4.376501398784765
112265.69528600     1.469167439452807     4.360104691085381
112265.69563700     1.454537336794463     4.343787645854467
112265.69598800     1.440087283017217     4.327550273965142
112265.69633900     1.425814717122475     4.311392568702599
112265.69669000     1.411717120150798     4.295314508437716
112265.69704100     1.397792010978528     4.279316053264274
112265.69739200     1.384036947481001     4.263397147658146
112265.69774300     1.370449527576156     4.247557723056250
112265.69809400     1.357027385177197     4.231797694490164
112265.69844500     1.343768191317344     4.216116963154765
112265.69879600     1.330669655160247     4.200515418898520
112265.69914700     1.317729520103086     4.184992936859384
112265.69949800     1.304945564865246     4.169549379948430
112265.69984900     1.292315604467788     4.154184601257319
112265.70020000     1.279837486481292     4.138898440701391
112265.70055100     1.267509092080766     4.123690727423699
112265.70090200     1.255328336995887     4.108561282124665
112265.70125300     1.243293167898263     4.093509913717035
112265.70160400     1.231401563424373     4.078536421654979
112265.70195500     1.219651535098275     4.063640598190887
112265.70230600     1.208041123852950     4.048822225045948
112265.70265700     1.196568401022924     4.034081075668955
112265.70300800     1.185231469240929     4.019416917424419
112265.70335900     1.174028459088067     4.004829508282446
112265.70371000     1.162957530057680     3.990318599011183
112265.70406100     1.152016871427189     3.975883935300338
112265.70441200     1.141204699032050     3.961525254473429
112265.70476300     1.130519256202181     3.947242287617585
112265.70511400     1.119958814610157     3.933034761646228
112265.70546500     1.109521671164015     3.918902396036267
112265.70581600     1.099206148917472     3.904844904898841
112265.70616700     1.089010597895448     3.890861998984399
112265.70651800     1.078933392101042     3.876953382447348
112265.70686900     1.068972930400546     3.863118754860792
112265.70722000     1.059127637327305     3.849357813167204
112265.70757100     1.049395960198170     3.835670248472508
112265.70792200     1.039776369974410     3.822055748007772
112265.70827300     1.030267362044634     3.808513997028327
112265.70862400     1.020867453446380     3.795044675639029
112265.70897500     1.011575183703780     3.781647460705656
112265.70932600     1.002389115590322     3.768322027705048
112265.70967700     0.993307832451284     3.755068047583139
112265.71002800     0.984329939019014     3.741885188618430
112265.71037900     0.975454062156231     3.728773118225710
112265.71073000     0.966678848275175     3.715731499848061
112265.71108100     0.958002964131290     3.702759994774748
112265.71143200     0.949425097547696     3.689858263900755
112265.71178300     0.940943954577471     3.677025964123248
112265.71213400     0.932558262024624     3.664262752768922
112265.71248500     0.924266764654021     3.651568284005654
112265.71283600     0.916068225950604     3.638942210589199
112265.71318700     0.907961428813802     3.626384185553549
112265.71353800     0.899945173215762     3.613893859198264
112265.71388900     0.892018276940798     3.601470880794926
112265.71424000     0.884179576262412     3.589114900238527
112265.71459100     0.876427923684595     3.576825565071889
112265.71494200     0.868762188662092     3.564602522153593
112265.71529300     0.861181258260531     3.552445419272122
112265.71564400     0.853684034977458     3.540353902207818
112265.71599500     0.846269437443888     3.528327616363928
112265.71634600     0.838936401068127     3.516366208345100
112265.71669700     0.831683875933191     3.504469323057209
112265.71704800     0.824510827480304     3.492636605303060
112265.71739900     0.817416237136740     3.480867701326692
112265.71775000     0.810399100286613     3.469162255951319
112265.71810100     0.803458426936793     3.457519914141140
112265.71845200     0.796593242329205     3.445940322512747
112265.71880300     0.789802584982034     3.434423126511411
112265.71915400     0.783085507338524     3.422967971940249
112265.71950500     0.776441076364192     3.411574506440078
112265.71985600     0.769868371655539     3.400242376704088
112265.72020700     0.763366486072272     3.388971229975576
112265.72055800     0.756934526319759     3.377760715497475
112265.72090900     0.750571611122599     3.366610481765350
112265.72126000     0.744276871840666     3.355520177994932
112265.72161100     0.738049453037216     3.344489455542346
112265.72196200     0.731888510714689     3.333517965195473
112265.72231300     0.725793212915048     3.322605358612225
112265.72266400     0.719762740273876     3.311751289712655
112265.72301500     0.713796284315946     3.300955412008403
112265.72336600     0.707893048040246     3.290217380012844
112265.72371700     0.702052246460449     3.279536850606031
112265.72406800     0.696273104957858     3.268913480402016
112265.72441900     0.690554859851541     3.258346927131845
112265.72477000     0.684896758925503     3.247836850982201
112265.72512100     0.679298059836744     3.237382912000466
112265.72547200     0.673758030670901     3.226984771451364
112265.72582300     0.668275950456444     3.216642093130236
112265.72617400     0.662851107625675     3.206354540805504
112265.72652500     0.657482800556266     3.196121779549884
112265.72687600     0.652170338072811     3.185943477029045
112265.72722700     0.646913037958691     3.175819300981227
112265.72757800     0.641710227483865     3.165748920523721
112265.72792900     0.636561243894088     3.155732007417816
112265.72828000     0.631465432971675     3.145768233585094
112265.72863100     0.626422149549910     3.135857272390063
112265.72898200     0.621430757990228     3.125998799882005
112265.72933300     0.616490630789977     3.116192492347654
112265.72968400     0.611601149083786     3.106438027570645
112265.73003500     0.606761703109055     3.096735086051014
112265.73038600     0.601971690858834     3.087083348593829
112265.73073700     0.597230518570572     3.077482497546116
112265.73108800     0.592537601180110     3.067932217994680
112265.73143900     0.587892361018048     3.058432195390294
112265.73179000     0.583294228286117     3.048982116762736
112265.73214100     0.578742641500031     3.039581671897554
112265.73249200     0.574237046227621     3.030230550995347
112265.73284300     0.569776895553196     3.020928445865581
112265.73319400     0.565361650509521     3.011675051082854
112265.73354500     0.560990778856130     3.002470061680851
112265.73389600     0.556663755531988     2.993313174325476
112265.73424700     0.552380063076865     2.984204088451226
112265.73459800     0.548139190448337     2.975142503989335
112265.73494900     0.543940633463014     2.966128122520786
112265.73530000     0.539783895207608     2.957160648393358
112265.73565100     0.535668484893133     2.948239786483432
112265.73600200     0.531593918285059     2.939365243329477
112265.73635300     0.527559718104278     2.930536728230225
112265.73670400     0.523565412917145     2.921753951039714
112265.73705500     0.519610537554806     2.913016623281727
112265.73740600     0.515694633504392     2.904324459229580
112265.73775700     0.511817247833489     2.895677173733964
112265.73810800     0.507977933598997     2.887074483318743
112265.73845900     0.504176250228716     2.878516107242932
112265.73881000     0.500411762479064     2.870001765360727
112265.73916100     0.496684040833674     2.861531179199257
112265.73951200     0.492992661875662     2.853104073003084
112265.73986300     0.489337207277329     2.844720171626021
112265.74021400     0.485717264188793     2.836379201591213
112265.74056500     0.482132425601175     2.828080892118655
112265.74091600     0.478582289367117     2.819824973048265
112265.74126700     0.475066458579701     2.811611175882743
112265.74161800     0.471584541926808     2.803439234798520
112265.74196900     0.468136152741276     2.795308884599566
112265.74232000     0.464720909370460     2.787219861743467
112265.74267100     0.461338435521864     2.779171905336199
112265.74302200     0.457988359342020     2.771164755116182
112265.74337300     0.454670313776764     2.763198152463976
112265.74372400     0.451383936908545     2.755271841381229
112265.74407500     0.448128871062821     2.747385566504543
112265.74442600     0.444904763159436     2.739539074099096
112265.74477700     0.441711265041727     2.731732113022226
112265.74512800     0.438548032609519     2.723964432766530
112265.74547900     0.435414726161792     2.716235784437870
112265.74583000     0.432311010717827     2.708545921703846
112265.74618100     0.429236555175827     2.700894598865741
112265.74653200     0.426191032647146     2.693281571821182
112265.74688300     0.423174120769625     2.685706598997930
112265.74723400     0.420185500890997     2.678169439454107
112265.74758500     0.417224858394838     2.670669853825922
112265.74793600     0.414291883006356     2.663207605247059
112265.74828700     0.411386267999652     2.655782457476734
112265.74863800     0.408507710515669     2.648394175832816
112265.74898900     0.405655911860577     2.641042528097131
112265.74934000     0.402830576736108     2.633727282670873
112265.74969100     0.400031413549656     2.626448209493432
112265.75004200     0.397258134705529     2.619205080933941
112265.75039300     0.394510455857460     2.611997669973572
112265.75074400     0.391788096211169     2.604825751110348
112265.75109500     0.389090778808568     2.597689101237291
112265.75144600     0.386418229801783     2.590587497851068
112265.75179700     0.383770178748283     2.583520719943181
112265.75214800     0.381146358888303     2.576488548864882
112265.75249900     0.378546506439566     2.569490766561844
112265.75285000     0.375970360885231     2.562527156451899
112265.75320100     0.373417665244691     2.555597504277114
112265.75355200     0.370888165388280     2.548701596363919
112265.75390300     0.368381610318264     2.541839220487788
112265.75425400     0.365897752433123     2.535010166712660
112265.75460500     0.363436346861654     2.528214225676140
112265.75495600     0.360997151737080     2.521451189441340
112265.75530700     0.358579928455111     2.514720852323963
112265.75565800     0.356184441026667     2.508023009202103
112265.75600900     0.353810456345398     2.501357456355518
112265.75636000     0.351457744439588     2.494723992280648
112265.75671100     0.349126077842943     2.488122416024552
112265.75706200     0.346815231855658     2.481552528011918
112265.75741300     0.344524984790357     2.475014130848191
112265.75776400     0.342255117360320     2.468507027677315
112265.75811500     0.340005412934268     2.462031022996631
112265.75846600     0.337775657776506     2.455585923448447
112265.75881700     0.335565640451990     2.449171536201089
112265.75916800     0.333375152075032     2.442787669751981
112265.75951900     0.331203986543767     2.436434134707874
112265.75987000     0.329051939961529     2.430110742188779
112265.76022100     0.326918810879601     2.423817304619503
112265.76057200     0.324804400526184     2.417553636498733
112265.76092300     0.322708512243545     2.411319552825453
112265.76127400     0.320630951724956     2.405114869879177
112265.76162500     0.318571527238332     2.398939405978067
112265.76197600     0.316530049078584     2.392792979927511
112265.76232700     0.314506329798980     2.386675411789203
112265.76267800     0.312500184429521     2.380586523628576
112265.76302900     0.310511429944055     2.374526137985078
112265.76338000     0.308539885486154     2.368494078630366
112265.76373100     0.306585372582424     2.362490171305249
112265.76408200     0.304647714623869     2.356514242211289
112265.76443300     0.302726737086437     2.350566118758299
112265.76478400     0.300822267739389     2.344645630291022
112265.76513500     0.298934136140462     2.338752606601657
112265.76548600     0.297062173851228     2.332886878666895
112265.76583700     0.295206214640651     2.327048279364500
112265.76618800     0.293366093993598     2.321236642006414
112265.76653900     0.291541649321161     2.315451801065511
112265.76689000     0.289732720159512     2.309693592882321
112265.76724100     0.287939147691354     2.303961854218273
112265.76759200     0.286160774951319     2.298256422972441
112265.76794300     0.284397447020280     2.292577138878516
112265.76829400     0.282649010559278     2.286923842077934
112265.76864500     0.280915314010188     2.281296373826697
112265.76899600     0.279196207785532     2.275694577182873
112265.76934700     0.277491543814581     2.270118295599167
112265.76969800     0.275801175739321     2.264567373620091
112265.77004900     0.274124959099970     2.259041657560089
112265.77040000     0.272462750892785     2.253540994115280
